1 1
2 2
3 1
4 1
5 1
6 1
7 1
8 1
9 1
10 2
11 1
12 1
13 1
14 2
15 2
16 1
17 2
18 1
19 1
20 1
21 1
22 1
23 1
24 1
25 1
26 1
27 2
28 1
29 1
30 1
31 1
32 1
33 2
34 1
35 1
36 1
37 2
38 2
39 1
40 2
41 1
42 2
43 1
44 1
45 2
46 2
47 2
48 1
49 1
50 2
51 1
52 1
53 1
54 1
55 2
56 2
57 2
58 2
59 1
60 2
61 1
62 2
63 2
64 2
65 1
66 2
67 1
68 1
69 1
70 1
71 2
72 2
73 1
74 1
75 2
76 2
77 2
78 1
79 1
80 1
81 2
82 1
83 2
84 2
85 2
86 2
87 1
88 2
89 2
90 1
91 2
92 2
93 2
94 1
95 2
96 2
97 2
98 2
99 1
100 2
101 1
102 2
103 2
104 1
105 2
106 1
107 2
108 1
109 1
110 2
111 1
112 2
113 1
114 1
115 2
116 2
117 2
118 2
119 2
120 2
121 1
122 2
123 1
124 1
125 2
126 1
127 2
128 2
129 2
130 2
131 1
132 2
133 1
134 2
135 2
136 2
137 1
138 2
139 2
140 1
141 2
142 2
143 2
144 1
145 1
146 2
147 1
148 1
149 1
150 2
151 1
152 2
153 1
154 2
155 2
156 2
157 2
158 1
159 2
160 1
161 2
162 2
163 2
164 2
165 1
166 2
167 2
168 2
169 2
170 1
171 2
172 1
173 2
174 2
175 2
176 2
177 1
178 1
179 2
180 2
181 2
182 2
183 1
184 2
185 1
186 2
187 1
188 2
189 2
190 2
191 1
192 1
193 1
194 1
195 1
196 2
197 2
198 2
199 2
200 2
201 2
202 2
203 2
204 1
205 2
206 2
207 2
208 2
209 2
210 1
211 2
212 2
213 1
214 1
215 2
216 1
217 2
218 2
219 1
220 2
221 2
222 1
223 1
224 1
225 2
226 1
227 2
228 2
229 2
230 2
231 1
232 1
233 1
234 2
235 2
236 1
237 2
238 1
239 2
240 1
241 2
242 2
243 2
244 1
245 2
246 2
247 1
248 1
249 1
250 2
251 2
252 1
253 2
254 1
255 1
256 2
257 2
258 2
259 2
260 1
261 2
262 2
263 2
264 1
265 2
266 1
267 2
268 1
269 1
270 2
271 2
272 1
273 2
274 1
275 2
276 1
277 1
278 2
279 2
280 2
281 1
282 1
283 2
284 1
285 2
286 1
287 1
288 2
289 1
290 2
291 2
292 1
293 1
294 2
295 2
296 2
297 1
298 1
299 2
300 1
301 2
302 2
303 2
304 2
305 2
306 2
307 1
308 1
309 2
310 2
311 2
312 1
313 2
314 1
315 2
316 2
317 1
318 2
319 1
320 1
321 2
322 1
323 1
324 2
325 2
326 2
327 1
328 2
329 1
330 2
331 1
332 2
333 2
334 2
335 2
336 1
337 2
338 2
339 1
340 1
341 2
342 1
343 2
344 2
345 2
346 2
347 2
348 1
349 2
350 1
351 1
352 2
353 2
354 2
355 1
356 1
357 2
358 1
359 2
360 1
361 2
362 2
363 1
364 2
365 2
366 2
367 1
368 2
369 1
370 2
371 1
372 1
373 2
374 1
375 2
376 1
377 2
378 2
379 1
380 2
381 2
382 2
383 2
384 2
385 2
386 2
387 2
388 1
389 2
390 1
391 1
392 2
393 2
394 2
395 1
396 1
397 1
398 2
399 2
400 2
401 1
402 1
403 1
404 2
405 2
406 2
407 1
408 2
409 2
410 1
411 1
412 1
413 1
414 2
415 1
416 2
417 2
418 2
419 1
420 2
421 1
422 2
423 2
424 2
425 2
426 2
427 2
428 2
429 1
430 1
431 1
432 1
433 1
434 1
435 2
436 1
437 1
438 2
439 2
440 2
441 2
442 1
443 1
444 1
445 1
446 1
447 2
448 1
449 2
450 2
451 2
452 1
453 2
454 1
455 1
456 2
457 2
458 1
459 1
460 1
461 1
462 2
463 2
464 1
465 1
466 2
467 1
468 1
469 2
470 2
471 1
472 2
473 2
474 1
475 2
476 2
477 1
478 1
479 1
480 2
481 2
482 2
483 2
484 1
485 2
486 2
487 2
488 2
489 2
490 2
491 2
492 2
493 2
494 2
495 2
496 1
497 2
498 2
499 1
500 1
501 2
502 1
503 1
504 2
505 2
506 1
507 2
508 2
509 2
510 2
511 2
512 1
513 1
514 1
515 2
516 1
517 2
518 2
519 2
520 2
521 2
522 2
523 1
524 2
525 1
526 2
527 2
528 1
529 2
530 2
531 2
532 2
533 2
534 2
535 2
536 2
537 2
538 2
539 2
540 2
541 2
542 1
543 2
544 1
545 2
546 2
547 2
548 2
549 1
550 2
551 2
552 2
553 2
554 2
555 2
556 2
557 1
558 1
559 2
560 1
561 2
562 2
563 1
564 2
565 2
566 1
567 1
568 1
569 1
570 1
571 2
572 2
573 2
574 2
575 1
576 1
577 2
578 2
579 2
580 2
581 1
582 1
583 2
584 2
585 1
586 1
587 1
588 2
589 2
590 2
591 2
592 2
593 1
594 1
595 1
596 1
597 1
598 2
599 1
600 1
601 2
602 2
603 2
604 1
605 2
606 1
607 2
608 1
609 1
610 2
611 1
612 2
613 1
614 1
615 2
616 2
617 2
618 1
619 1
620 2
621 2
622 2
623 2
624 2
625 2
626 2
627 1
628 2
629 2
630 2
631 2
632 1
633 1
634 2
635 2
636 2
637 1
638 1
639 2
640 1
641 1
642 1
643 2
644 1
645 2
646 2
647 2
648 2
649 1
650 2
651 2
652 2
653 2
654 2
655 1
656 1
657 1
658 2
659 2
660 2
661 2
662 1
663 2
664 1
665 2
666 1
667 2
668 2
669 1
670 2
671 2
672 2
673 2
674 2
675 1
676 2
677 1
678 1
679 2
680 2
681 2
682 2
683 2
684 1
685 2
686 2
687 1
688 2
689 2
690 1
691 2
692 2
693 2
694 1
695 1
696 2
697 2
698 2
699 1
700 1
701 2
702 1
703 1
704 2
705 2
706 2
707 1
708 2
709 2
710 1
711 2
712 1
713 2
714 1
715 1
716 2
717 2
718 1
719 2
720 1
721 2
722 2
723 2
724 1
725 2
726 1
727 2
728 2
729 2
730 2
731 2
732 1
733 2
734 1
735 2
736 1
737 1
738 1
739 2
740 1
741 2
742 2
743 1
744 2
745 1
746 2
747 2
748 2
749 2
750 1
751 1
752 2
753 2
754 2
755 1
756 1
757 2
758 1
759 2
760 1
761 2
762 2
763 2
764 1
765 1
766 2
767 1
768 2
769 2
770 1
771 2
772 2
773 2
774 1
775 1
776 2
777 2
778 2
779 2
780 1
781 1
782 1
783 2
784 2
785 2
786 1
787 1
788 1
789 2
790 2
791 2
792 1
793 2
794 2
795 1
796 1
797 2
798 2
799 2
800 2
