700 4036 
1 92 1
1 158 1
1 160 1
1 318 1
1 349 1
1 451 1
1 468 1
1 507 1
1 559 1
1 585 1
1 635 1
2 15 1
2 122 1
2 257 1
2 298 1
2 304 1
2 444 1
2 552 1
2 609 1
2 635 1
3 81 1
3 145 1
3 152 1
3 185 1
3 359 1
3 379 1
3 408 1
3 439 1
3 470 1
3 589 1
3 634 1
3 655 1
3 693 1
4 23 1
4 72 1
4 123 1
4 154 1
4 207 1
4 264 1
4 273 1
4 284 1
4 293 1
4 320 1
4 378 1
4 410 1
4 435 1
4 495 1
4 503 1
4 674 1
4 696 1
5 97 1
5 160 1
5 205 1
5 233 1
5 345 1
5 455 1
5 628 1
6 26 1
6 32 1
6 187 1
6 210 1
6 259 1
6 283 1
6 372 1
6 404 1
6 434 1
6 457 1
6 485 1
6 545 1
6 549 1
6 564 1
6 643 1
6 645 1
6 656 1
6 680 1
7 128 1
7 190 1
7 223 1
7 276 1
7 291 1
7 297 1
7 417 1
7 567 1
7 603 1
7 635 1
7 698 1
8 51 1
8 139 1
8 210 1
8 213 1
8 262 1
8 571 1
8 641 1
8 695 1
9 37 1
9 58 1
9 144 1
9 174 1
9 207 1
9 255 1
9 318 1
9 418 1
9 471 1
9 488 1
9 623 1
9 649 1
9 672 1
10 37 1
10 39 1
10 71 1
10 75 1
10 112 1
10 175 1
10 177 1
10 226 1
10 241 1
10 354 1
10 422 1
10 424 1
10 519 1
10 546 1
10 552 1
10 569 1
10 611 1
10 621 1
10 654 1
10 658 1
11 65 1
11 169 1
11 220 1
11 363 1
11 512 1
11 638 1
11 641 1
11 661 1
12 193 1
12 228 1
12 231 1
12 288 1
12 331 1
12 339 1
12 341 1
12 454 1
12 497 1
12 514 1
12 634 1
12 658 1
12 691 1
12 697 1
13 23 1
13 43 1
13 45 1
13 49 1
13 112 1
13 122 1
13 217 1
13 221 1
13 292 1
13 299 1
13 366 1
13 388 1
13 418 1
13 476 1
13 515 1
14 291 1
14 336 1
14 373 1
14 401 1
14 444 1
14 569 1
14 680 1
14 688 1
15 234 1
15 249 1
15 376 1
15 399 1
15 458 1
15 494 1
15 502 1
15 518 1
15 521 1
15 587 1
15 607 1
15 608 1
15 700 1
16 219 1
16 363 1
16 370 1
16 530 1
16 544 1
16 581 1
16 610 1
17 19 1
17 29 1
17 107 1
17 108 1
17 129 1
17 209 1
17 259 1
17 336 1
17 400 1
17 426 1
17 504 1
17 549 1
17 664 1
17 667 1
18 32 1
18 36 1
18 50 1
18 327 1
19 42 1
19 110 1
19 215 1
19 361 1
19 405 1
19 429 1
19 437 1
19 582 1
20 44 1
20 78 1
20 79 1
20 137 1
20 169 1
20 182 1
20 335 1
20 495 1
20 623 1
20 675 1
21 101 1
21 104 1
21 119 1
21 346 1
21 356 1
21 421 1
21 573 1
21 600 1
21 687 1
22 30 1
22 46 1
22 92 1
22 118 1
22 162 1
22 276 1
22 297 1
22 331 1
22 429 1
22 459 1
22 539 1
22 564 1
22 593 1
22 616 1
22 690 1
23 61 1
23 129 1
23 363 1
23 387 1
23 461 1
23 544 1
23 574 1
23 582 1
23 619 1
23 622 1
23 624 1
23 626 1
23 648 1
24 61 1
24 201 1
24 266 1
24 352 1
24 362 1
24 387 1
24 480 1
24 543 1
24 608 1
24 656 1
24 694 1
25 125 1
25 194 1
25 200 1
25 270 1
25 350 1
25 352 1
25 391 1
25 403 1
25 407 1
25 442 1
25 494 1
25 594 1
25 620 1
25 640 1
25 658 1
25 678 1
25 684 1
26 77 1
26 98 1
26 188 1
26 231 1
26 520 1
26 539 1
26 632 1
26 647 1
26 649 1
26 652 1
27 37 1
27 85 1
27 139 1
27 213 1
27 286 1
27 376 1
27 449 1
28 83 1
28 302 1
28 341 1
28 590 1
28 637 1
28 683 1
29 130 1
29 144 1
29 200 1
29 250 1
29 299 1
29 321 1
29 437 1
29 489 1
30 49 1
30 79 1
30 109 1
30 115 1
30 207 1
30 303 1
30 363 1
30 375 1
30 384 1
30 434 1
30 483 1
30 543 1
30 563 1
30 567 1
31 60 1
31 155 1
31 314 1
31 348 1
31 438 1
31 520 1
31 565 1
31 614 1
32 106 1
32 162 1
32 245 1
32 267 1
32 348 1
32 391 1
32 411 1
32 561 1
32 633 1
32 636 1
32 678 1
33 54 1
33 155 1
33 209 1
33 237 1
33 303 1
33 420 1
33 437 1
33 512 1
33 527 1
33 574 1
33 636 1
34 147 1
34 180 1
34 206 1
34 260 1
34 312 1
34 330 1
34 351 1
34 373 1
34 405 1
34 538 1
34 618 1
34 679 1
35 54 1
35 72 1
35 369 1
35 552 1
35 567 1
35 579 1
35 612 1
36 80 1
36 180 1
36 318 1
36 330 1
36 674 1
36 693 1
36 699 1
37 113 1
37 193 1
37 223 1
37 259 1
37 267 1
37 323 1
37 334 1
37 339 1
37 343 1
37 345 1
37 453 1
37 593 1
38 219 1
38 319 1
38 514 1
38 538 1
38 554 1
38 556 1
39 146 1
39 237 1
39 295 1
39 306 1
39 370 1
39 405 1
39 446 1
39 465 1
39 585 1
40 279 1
40 351 1
40 389 1
40 391 1
40 473 1
40 490 1
40 561 1
40 576 1
40 591 1
40 604 1
41 222 1
41 265 1
41 275 1
41 308 1
41 321 1
41 323 1
41 361 1
41 458 1
41 490 1
41 495 1
41 498 1
41 584 1
41 592 1
41 620 1
41 627 1
41 660 1
42 50 1
42 60 1
42 112 1
42 133 1
42 216 1
42 291 1
42 304 1
42 355 1
42 431 1
42 456 1
42 513 1
42 599 1
42 639 1
42 696 1
43 69 1
43 107 1
43 109 1
43 184 1
43 236 1
43 242 1
43 263 1
43 280 1
43 376 1
43 597 1
43 619 1
43 656 1
43 678 1
43 680 1
44 97 1
44 127 1
44 164 1
44 166 1
44 185 1
44 195 1
44 197 1
44 294 1
44 342 1
44 348 1
44 438 1
44 487 1
44 531 1
44 654 1
44 655 1
44 687 1
45 174 1
45 190 1
45 201 1
45 207 1
45 517 1
45 547 1
45 607 1
46 98 1
46 272 1
46 317 1
46 445 1
46 500 1
46 549 1
46 600 1
46 613 1
46 645 1
46 683 1
47 144 1
47 155 1
47 186 1
47 192 1
47 205 1
47 258 1
47 288 1
47 316 1
47 331 1
47 403 1
47 420 1
47 457 1
47 514 1
47 617 1
47 656 1
48 105 1
48 139 1
48 203 1
48 229 1
48 390 1
48 455 1
48 459 1
48 490 1
48 506 1
48 580 1
48 647 1
49 80 1
49 193 1
49 253 1
49 313 1
49 557 1
49 598 1
49 607 1
49 638 1
49 667 1
50 102 1
50 179 1
50 228 1
50 261 1
50 317 1
50 417 1
50 493 1
50 551 1
50 598 1
50 604 1
51 86 1
51 127 1
51 143 1
51 194 1
51 262 1
51 315 1
51 355 1
51 358 1
51 372 1
51 518 1
51 524 1
51 562 1
51 575 1
51 584 1
51 645 1
52 93 1
52 101 1
52 183 1
52 204 1
52 237 1
52 325 1
52 333 1
52 334 1
52 336 1
52 436 1
52 461 1
52 533 1
52 581 1
52 609 1
52 621 1
52 668 1
52 695 1
53 66 1
53 99 1
53 184 1
53 229 1
53 235 1
53 247 1
53 311 1
53 344 1
53 352 1
53 384 1
53 445 1
53 501 1
53 513 1
53 516 1
54 108 1
54 134 1
54 147 1
54 198 1
54 236 1
54 268 1
54 270 1
54 308 1
54 324 1
54 353 1
54 411 1
54 456 1
54 495 1
54 529 1
54 614 1
54 682 1
55 64 1
55 304 1
55 330 1
55 339 1
55 367 1
55 469 1
55 531 1
55 544 1
55 593 1
55 604 1
56 61 1
56 102 1
56 125 1
56 127 1
56 136 1
56 256 1
56 264 1
56 473 1
56 521 1
56 566 1
56 659 1
57 80 1
57 88 1
57 132 1
57 254 1
57 292 1
57 357 1
57 379 1
57 447 1
57 481 1
57 542 1
57 555 1
57 569 1
57 661 1
58 213 1
58 225 1
58 231 1
58 398 1
58 468 1
58 597 1
58 679 1
59 110 1
59 118 1
59 124 1
59 168 1
59 256 1
59 284 1
59 294 1
59 438 1
59 527 1
59 583 1
59 658 1
60 125 1
60 157 1
60 181 1
60 258 1
60 656 1
61 97 1
61 99 1
61 113 1
61 134 1
61 201 1
61 249 1
61 274 1
61 337 1
61 358 1
61 373 1
61 477 1
61 485 1
61 679 1
61 681 1
62 87 1
62 151 1
62 200 1
62 260 1
62 308 1
62 336 1
62 675 1
62 698 1
63 208 1
63 233 1
63 271 1
63 336 1
63 407 1
63 427 1
63 527 1
63 584 1
63 688 1
64 107 1
64 224 1
64 242 1
64 308 1
64 516 1
64 533 1
64 550 1
64 635 1
65 77 1
65 89 1
65 109 1
65 124 1
65 173 1
65 276 1
65 335 1
65 396 1
65 411 1
65 419 1
65 500 1
65 555 1
65 622 1
65 667 1
65 695 1
66 78 1
66 132 1
66 337 1
66 350 1
66 405 1
66 620 1
66 632 1
67 70 1
67 87 1
67 122 1
67 181 1
67 328 1
67 374 1
67 415 1
67 431 1
67 475 1
67 571 1
67 608 1
67 612 1
67 658 1
67 667 1
67 670 1
68 556 1
69 112 1
69 155 1
69 372 1
69 491 1
69 643 1
70 374 1
70 463 1
70 631 1
70 640 1
70 667 1
71 73 1
71 77 1
71 100 1
71 184 1
71 344 1
71 354 1
71 366 1
71 412 1
71 513 1
71 545 1
71 576 1
71 678 1
72 117 1
72 159 1
72 429 1
72 450 1
72 497 1
72 574 1
72 638 1
72 696 1
73 158 1
73 232 1
73 237 1
73 261 1
73 304 1
73 404 1
73 441 1
73 566 1
73 606 1
73 661 1
73 700 1
74 177 1
74 222 1
74 232 1
74 268 1
74 273 1
74 315 1
74 401 1
74 428 1
74 631 1
74 635 1
74 638 1
74 695 1
74 699 1
75 129 1
75 231 1
75 269 1
75 310 1
75 392 1
75 685 1
76 118 1
76 237 1
76 274 1
76 476 1
76 514 1
76 530 1
76 547 1
76 568 1
76 596 1
76 657 1
76 683 1
77 101 1
77 152 1
77 166 1
77 229 1
77 262 1
77 312 1
77 345 1
77 349 1
77 368 1
77 397 1
77 469 1
77 486 1
77 550 1
77 607 1
77 682 1
78 243 1
78 305 1
78 356 1
78 384 1
78 429 1
78 598 1
78 622 1
79 471 1
79 510 1
79 561 1
80 84 1
80 198 1
80 227 1
80 304 1
80 307 1
80 309 1
80 457 1
80 512 1
80 536 1
80 586 1
81 96 1
81 111 1
81 126 1
81 158 1
81 486 1
81 592 1
81 629 1
82 84 1
82 135 1
82 185 1
82 216 1
82 343 1
82 362 1
82 364 1
82 401 1
82 422 1
82 450 1
82 467 1
83 95 1
83 188 1
83 387 1
83 461 1
83 544 1
83 684 1
83 699 1
84 281 1
84 296 1
84 312 1
84 347 1
84 365 1
84 381 1
84 389 1
84 687 1
85 214 1
85 216 1
85 306 1
85 449 1
85 452 1
85 458 1
85 621 1
85 672 1
85 691 1
86 93 1
86 254 1
86 266 1
86 369 1
86 410 1
86 430 1
86 480 1
86 514 1
86 555 1
86 615 1
86 618 1
86 640 1
87 121 1
87 125 1
87 245 1
87 300 1
87 308 1
87 498 1
87 551 1
87 614 1
87 688 1
88 94 1
88 154 1
88 176 1
88 194 1
88 341 1
88 352 1
88 403 1
88 435 1
88 536 1
88 545 1
88 552 1
89 139 1
89 202 1
89 402 1
89 436 1
90 203 1
90 320 1
90 329 1
90 334 1
90 398 1
90 559 1
90 593 1
90 613 1
90 669 1
91 134 1
91 247 1
91 306 1
91 356 1
91 396 1
91 471 1
92 175 1
92 201 1
92 268 1
92 309 1
92 333 1
92 426 1
92 467 1
92 560 1
92 679 1
93 218 1
93 226 1
93 233 1
93 251 1
93 259 1
93 317 1
93 360 1
93 491 1
93 497 1
93 584 1
93 619 1
93 637 1
93 690 1
94 120 1
94 146 1
94 227 1
94 254 1
94 305 1
94 326 1
94 405 1
94 411 1
94 587 1
94 634 1
94 676 1
94 678 1
95 272 1
95 297 1
95 338 1
95 382 1
95 435 1
95 527 1
95 644 1
95 679 1
96 128 1
96 140 1
96 205 1
96 445 1
96 468 1
96 526 1
97 112 1
97 313 1
97 352 1
97 354 1
97 424 1
97 529 1
97 579 1
97 678 1
97 684 1
97 692 1
98 115 1
98 135 1
98 179 1
98 301 1
98 416 1
98 471 1
98 517 1
98 545 1
98 598 1
99 276 1
99 286 1
99 303 1
99 336 1
99 537 1
100 107 1
100 262 1
100 517 1
100 520 1
100 537 1
100 558 1
100 673 1
100 675 1
100 697 1
101 189 1
101 405 1
101 493 1
101 585 1
101 696 1
102 136 1
102 146 1
102 204 1
102 235 1
102 322 1
102 417 1
102 471 1
102 669 1
103 229 1
103 253 1
103 265 1
103 329 1
103 347 1
103 401 1
103 477 1
103 542 1
103 568 1
103 618 1
103 620 1
103 639 1
104 179 1
104 252 1
104 269 1
104 385 1
104 546 1
104 641 1
105 208 1
105 311 1
105 452 1
105 484 1
105 512 1
105 558 1
105 609 1
106 123 1
106 130 1
106 148 1
106 247 1
106 249 1
106 341 1
106 414 1
106 417 1
106 446 1
106 477 1
106 594 1
106 598 1
106 610 1
106 698 1
107 206 1
107 252 1
107 334 1
107 362 1
107 383 1
107 459 1
107 520 1
107 652 1
107 697 1
108 112 1
108 218 1
108 315 1
108 357 1
108 372 1
108 399 1
108 419 1
108 422 1
108 433 1
108 455 1
108 585 1
108 600 1
108 607 1
108 684 1
109 176 1
109 207 1
109 342 1
109 353 1
109 357 1
109 393 1
109 517 1
109 674 1
110 169 1
110 259 1
110 420 1
110 423 1
110 484 1
110 490 1
110 535 1
110 558 1
110 632 1
110 664 1
110 671 1
111 159 1
111 191 1
111 215 1
111 229 1
111 310 1
111 386 1
111 401 1
111 470 1
111 501 1
111 536 1
111 663 1
112 227 1
112 242 1
112 248 1
112 339 1
112 383 1
112 385 1
112 548 1
113 116 1
113 354 1
113 399 1
113 468 1
113 570 1
113 616 1
113 686 1
114 129 1
114 167 1
114 260 1
114 280 1
114 319 1
114 375 1
114 388 1
114 394 1
114 551 1
114 624 1
114 676 1
115 129 1
115 270 1
115 298 1
115 393 1
115 415 1
115 426 1
115 456 1
115 540 1
115 624 1
116 130 1
116 186 1
116 216 1
116 264 1
116 338 1
116 343 1
116 420 1
116 440 1
116 603 1
116 644 1
116 672 1
117 147 1
117 156 1
117 226 1
117 309 1
117 324 1
117 350 1
117 438 1
117 444 1
117 484 1
117 515 1
117 516 1
117 666 1
118 218 1
118 221 1
118 255 1
118 321 1
118 348 1
118 390 1
118 471 1
118 501 1
118 535 1
118 569 1
118 672 1
119 178 1
119 309 1
119 319 1
119 368 1
119 378 1
119 390 1
119 484 1
119 492 1
119 522 1
120 164 1
120 183 1
120 274 1
120 326 1
120 331 1
120 347 1
120 424 1
120 438 1
120 517 1
120 611 1
120 697 1
121 137 1
121 139 1
121 227 1
121 405 1
121 422 1
121 433 1
121 480 1
121 538 1
121 579 1
121 648 1
121 649 1
121 700 1
122 125 1
122 141 1
122 151 1
122 224 1
122 263 1
122 313 1
122 327 1
122 435 1
122 518 1
122 589 1
122 662 1
123 165 1
123 294 1
123 391 1
123 410 1
123 530 1
123 615 1
124 285 1
124 418 1
124 505 1
124 511 1
124 576 1
124 642 1
125 175 1
125 402 1
125 409 1
125 410 1
125 447 1
125 639 1
126 184 1
126 206 1
126 240 1
126 247 1
126 261 1
126 332 1
126 426 1
126 469 1
126 496 1
126 541 1
126 545 1
126 589 1
127 153 1
127 163 1
127 187 1
127 208 1
127 288 1
127 322 1
127 363 1
127 453 1
127 555 1
127 582 1
127 681 1
128 189 1
128 232 1
128 255 1
128 260 1
128 304 1
128 540 1
129 162 1
129 183 1
129 251 1
129 392 1
129 490 1
129 515 1
129 584 1
129 637 1
129 692 1
130 134 1
130 160 1
130 247 1
130 259 1
130 301 1
130 398 1
130 460 1
130 483 1
130 524 1
130 533 1
130 601 1
130 623 1
130 633 1
130 681 1
131 177 1
131 181 1
131 235 1
131 278 1
131 281 1
131 378 1
131 430 1
131 500 1
131 590 1
131 682 1
132 290 1
132 486 1
132 521 1
132 557 1
133 135 1
133 175 1
133 226 1
133 350 1
133 361 1
133 368 1
133 371 1
133 526 1
134 169 1
134 177 1
134 271 1
134 327 1
134 406 1
134 427 1
134 460 1
134 590 1
134 602 1
134 673 1
135 198 1
135 218 1
135 252 1
135 310 1
135 365 1
135 531 1
135 532 1
136 178 1
136 256 1
136 265 1
136 285 1
136 286 1
136 348 1
136 370 1
136 381 1
136 417 1
136 481 1
136 485 1
137 175 1
137 239 1
137 244 1
137 315 1
137 328 1
137 390 1
137 424 1
137 511 1
137 525 1
137 550 1
137 614 1
137 660 1
138 227 1
138 233 1
138 274 1
138 313 1
138 342 1
138 428 1
138 519 1
138 530 1
139 167 1
139 184 1
139 225 1
139 343 1
139 348 1
139 434 1
139 446 1
139 576 1
139 595 1
139 597 1
139 644 1
140 185 1
140 188 1
140 285 1
140 290 1
140 442 1
140 470 1
140 502 1
140 545 1
140 571 1
140 596 1
141 144 1
141 182 1
141 230 1
141 260 1
141 283 1
141 346 1
141 366 1
141 380 1
141 433 1
141 486 1
141 626 1
141 634 1
141 640 1
141 662 1
141 690 1
142 245 1
142 367 1
142 389 1
142 391 1
142 417 1
142 441 1
142 443 1
142 492 1
142 624 1
143 262 1
143 321 1
143 399 1
143 427 1
143 448 1
143 494 1
143 602 1
143 644 1
143 687 1
143 694 1
144 186 1
144 264 1
144 335 1
144 337 1
144 385 1
144 475 1
144 563 1
144 665 1
145 162 1
145 195 1
145 223 1
145 269 1
145 309 1
145 322 1
145 478 1
145 499 1
145 625 1
145 678 1
145 683 1
146 462 1
146 528 1
146 529 1
147 164 1
147 172 1
147 213 1
147 317 1
147 330 1
147 339 1
147 432 1
147 482 1
147 485 1
147 492 1
147 524 1
147 576 1
147 591 1
147 651 1
148 182 1
148 340 1
148 385 1
148 390 1
148 407 1
148 448 1
148 466 1
148 477 1
148 488 1
148 543 1
148 568 1
148 569 1
148 639 1
148 670 1
149 155 1
149 265 1
149 270 1
149 302 1
149 498 1
149 522 1
149 621 1
149 625 1
149 641 1
149 647 1
149 652 1
149 690 1
150 188 1
150 325 1
150 494 1
150 581 1
150 622 1
150 651 1
150 681 1
151 162 1
151 328 1
151 331 1
151 386 1
151 410 1
151 442 1
151 467 1
151 471 1
151 564 1
151 653 1
152 264 1
152 293 1
152 369 1
152 493 1
152 527 1
152 548 1
152 565 1
153 203 1
153 208 1
153 258 1
153 396 1
153 581 1
153 583 1
153 600 1
153 607 1
153 633 1
153 677 1
153 684 1
154 172 1
154 198 1
154 203 1
154 283 1
154 394 1
154 403 1
154 413 1
154 568 1
154 601 1
154 623 1
155 239 1
155 314 1
155 382 1
155 394 1
155 422 1
155 518 1
155 535 1
155 536 1
155 543 1
155 596 1
156 240 1
156 286 1
156 296 1
156 306 1
156 366 1
156 469 1
156 487 1
156 533 1
157 351 1
157 390 1
157 446 1
157 515 1
157 533 1
157 609 1
157 648 1
157 683 1
158 165 1
158 174 1
158 180 1
158 219 1
158 293 1
158 390 1
158 485 1
158 488 1
158 541 1
159 176 1
159 200 1
159 361 1
159 481 1
159 508 1
159 526 1
159 539 1
159 595 1
159 629 1
159 664 1
159 673 1
160 187 1
160 189 1
160 243 1
160 311 1
160 317 1
160 333 1
160 624 1
160 634 1
160 680 1
161 166 1
161 192 1
161 216 1
161 245 1
161 482 1
161 599 1
162 205 1
162 215 1
162 242 1
162 262 1
162 394 1
162 467 1
162 547 1
162 552 1
163 253 1
163 272 1
163 374 1
163 438 1
163 466 1
163 603 1
163 669 1
164 297 1
164 355 1
164 371 1
164 373 1
164 403 1
164 409 1
164 453 1
164 454 1
164 521 1
164 549 1
164 619 1
164 659 1
165 265 1
165 326 1
165 365 1
165 388 1
165 412 1
165 421 1
165 447 1
165 465 1
165 608 1
165 669 1
165 674 1
166 211 1
166 350 1
166 472 1
166 482 1
166 501 1
166 550 1
166 573 1
167 190 1
167 206 1
167 226 1
167 249 1
167 360 1
167 387 1
167 398 1
167 403 1
167 479 1
167 549 1
167 611 1
167 636 1
168 361 1
168 404 1
168 481 1
168 530 1
168 578 1
168 587 1
168 599 1
168 627 1
169 208 1
169 277 1
169 349 1
169 364 1
169 381 1
169 513 1
169 598 1
169 647 1
170 257 1
170 350 1
170 378 1
170 503 1
170 505 1
170 533 1
170 611 1
170 630 1
170 648 1
171 339 1
171 374 1
171 395 1
171 400 1
171 451 1
171 452 1
171 496 1
172 181 1
172 195 1
172 223 1
172 260 1
172 460 1
172 508 1
172 523 1
172 537 1
172 584 1
172 643 1
172 698 1
173 184 1
173 205 1
173 286 1
173 287 1
173 318 1
173 375 1
173 461 1
173 667 1
174 190 1
174 211 1
174 285 1
174 301 1
174 355 1
174 414 1
174 437 1
174 548 1
175 193 1
175 387 1
175 432 1
175 475 1
175 481 1
175 563 1
175 571 1
175 615 1
176 193 1
176 204 1
176 209 1
176 231 1
176 363 1
176 396 1
176 625 1
176 660 1
176 682 1
177 222 1
177 365 1
177 473 1
177 596 1
177 630 1
177 655 1
177 675 1
178 300 1
178 315 1
178 383 1
178 695 1
179 198 1
179 327 1
179 367 1
179 391 1
179 437 1
179 517 1
179 530 1
179 561 1
179 608 1
179 635 1
179 665 1
179 684 1
179 692 1
180 238 1
180 406 1
180 472 1
180 526 1
180 553 1
180 610 1
180 680 1
181 196 1
181 214 1
181 235 1
181 346 1
181 466 1
181 502 1
181 559 1
181 569 1
181 581 1
181 613 1
182 273 1
182 311 1
182 369 1
182 374 1
182 393 1
182 446 1
182 458 1
182 536 1
182 591 1
182 609 1
182 615 1
183 204 1
183 524 1
183 572 1
183 695 1
184 191 1
184 208 1
184 233 1
184 269 1
184 321 1
184 445 1
184 463 1
184 490 1
184 636 1
184 651 1
184 690 1
184 694 1
185 191 1
185 380 1
185 396 1
185 504 1
185 537 1
185 610 1
185 632 1
185 654 1
185 664 1
186 269 1
186 299 1
186 349 1
186 485 1
186 543 1
186 604 1
186 670 1
187 234 1
187 307 1
187 369 1
187 396 1
187 412 1
187 666 1
188 298 1
188 443 1
188 611 1
188 612 1
188 628 1
189 193 1
189 354 1
189 431 1
189 446 1
189 565 1
189 629 1
190 214 1
190 219 1
190 328 1
190 345 1
190 575 1
190 625 1
191 220 1
191 289 1
191 302 1
191 428 1
191 446 1
191 464 1
191 467 1
191 492 1
191 643 1
192 214 1
192 285 1
192 294 1
192 333 1
192 499 1
192 538 1
192 560 1
192 563 1
192 639 1
192 663 1
193 207 1
193 287 1
193 486 1
193 572 1
193 575 1
194 203 1
194 246 1
194 313 1
194 332 1
194 400 1
194 489 1
194 552 1
194 681 1
195 213 1
195 215 1
195 482 1
195 546 1
196 204 1
196 320 1
196 323 1
196 358 1
196 360 1
196 374 1
196 402 1
196 422 1
196 526 1
197 218 1
197 439 1
197 462 1
197 501 1
198 237 1
198 304 1
198 415 1
198 605 1
198 645 1
199 289 1
199 300 1
199 304 1
199 305 1
199 334 1
199 387 1
199 470 1
199 550 1
200 222 1
200 344 1
200 361 1
200 447 1
200 502 1
200 559 1
200 605 1
200 660 1
200 694 1
201 243 1
201 291 1
201 302 1
201 409 1
201 444 1
201 493 1
201 561 1
201 579 1
201 612 1
201 643 1
201 678 1
201 689 1
202 244 1
202 250 1
202 290 1
202 291 1
202 392 1
202 583 1
202 616 1
202 673 1
203 254 1
203 276 1
203 279 1
203 323 1
203 495 1
203 524 1
203 527 1
203 577 1
203 618 1
203 671 1
203 691 1
204 270 1
204 378 1
204 438 1
204 509 1
204 537 1
204 574 1
204 602 1
205 210 1
205 258 1
205 280 1
205 299 1
205 455 1
205 456 1
205 496 1
205 583 1
205 605 1
205 632 1
205 634 1
205 639 1
205 671 1
205 684 1
206 224 1
206 356 1
206 575 1
206 633 1
206 646 1
206 670 1
207 250 1
207 289 1
207 462 1
207 491 1
207 548 1
207 555 1
207 602 1
207 614 1
208 236 1
208 275 1
208 449 1
208 550 1
208 570 1
208 576 1
208 602 1
208 694 1
208 699 1
208 700 1
209 285 1
209 419 1
209 453 1
209 523 1
209 675 1
210 344 1
210 351 1
210 376 1
210 439 1
210 460 1
210 640 1
210 660 1
211 293 1
211 356 1
211 420 1
211 544 1
211 562 1
211 563 1
211 645 1
211 656 1
211 683 1
211 687 1
212 282 1
212 327 1
212 443 1
212 456 1
212 542 1
213 257 1
213 367 1
213 386 1
213 506 1
213 597 1
213 697 1
214 241 1
214 321 1
214 344 1
214 574 1
214 626 1
215 232 1
215 305 1
215 313 1
215 318 1
215 400 1
215 547 1
215 559 1
215 587 1
216 284 1
216 291 1
216 349 1
216 356 1
216 401 1
216 526 1
216 529 1
216 536 1
216 569 1
216 587 1
216 648 1
216 650 1
216 697 1
217 308 1
217 316 1
217 324 1
217 345 1
217 388 1
217 395 1
217 405 1
217 451 1
217 459 1
217 548 1
217 550 1
217 572 1
217 641 1
217 643 1
218 267 1
218 344 1
218 419 1
218 508 1
218 556 1
218 562 1
218 574 1
218 599 1
219 340 1
219 352 1
219 387 1
219 393 1
219 620 1
219 629 1
219 632 1
219 633 1
220 384 1
220 531 1
220 699 1
221 260 1
221 300 1
221 344 1
221 369 1
221 371 1
221 488 1
221 605 1
221 643 1
222 258 1
222 294 1
222 350 1
222 412 1
222 414 1
222 524 1
222 531 1
222 564 1
222 668 1
222 697 1
223 358 1
223 375 1
223 378 1
223 514 1
223 535 1
224 332 1
224 333 1
224 403 1
224 409 1
224 577 1
224 614 1
225 232 1
225 237 1
225 326 1
225 381 1
225 386 1
225 447 1
225 463 1
225 509 1
225 571 1
225 617 1
225 645 1
226 277 1
226 282 1
226 320 1
226 366 1
226 402 1
226 413 1
226 480 1
227 257 1
227 410 1
227 432 1
227 520 1
227 529 1
227 617 1
228 264 1
228 311 1
228 316 1
228 357 1
228 442 1
228 618 1
228 662 1
229 242 1
229 245 1
229 251 1
229 253 1
229 257 1
229 297 1
229 300 1
229 308 1
229 326 1
229 352 1
229 425 1
229 458 1
229 476 1
229 542 1
229 578 1
229 650 1
230 369 1
230 436 1
230 502 1
230 588 1
230 613 1
231 273 1
231 433 1
231 584 1
231 591 1
231 622 1
231 665 1
232 282 1
232 341 1
232 401 1
232 547 1
232 570 1
232 588 1
232 618 1
232 625 1
232 670 1
233 239 1
233 242 1
233 267 1
233 293 1
233 395 1
233 692 1
234 243 1
234 277 1
234 317 1
234 330 1
234 376 1
234 393 1
234 415 1
234 426 1
234 447 1
234 496 1
234 518 1
234 586 1
234 601 1
234 626 1
234 652 1
235 308 1
235 315 1
235 374 1
235 434 1
235 477 1
235 524 1
235 653 1
235 659 1
236 247 1
236 311 1
236 457 1
236 459 1
236 480 1
236 513 1
236 516 1
236 541 1
236 568 1
236 597 1
236 614 1
236 685 1
237 359 1
237 370 1
237 382 1
237 554 1
237 665 1
237 693 1
238 463 1
238 491 1
238 507 1
238 609 1
238 642 1
239 337 1
239 453 1
239 460 1
239 494 1
239 532 1
239 575 1
239 621 1
239 656 1
240 271 1
240 416 1
240 421 1
240 509 1
240 523 1
240 531 1
240 583 1
240 606 1
240 623 1
240 654 1
241 302 1
241 303 1
241 335 1
241 505 1
241 554 1
242 305 1
242 307 1
242 308 1
242 368 1
242 450 1
242 499 1
242 505 1
242 508 1
242 556 1
242 599 1
243 421 1
243 475 1
243 598 1
244 342 1
244 346 1
244 363 1
244 444 1
244 448 1
244 532 1
244 547 1
244 603 1
244 605 1
244 614 1
244 676 1
245 286 1
245 302 1
245 443 1
245 447 1
245 534 1
245 585 1
245 614 1
245 632 1
246 279 1
246 355 1
246 379 1
246 432 1
246 445 1
246 458 1
247 249 1
247 264 1
247 280 1
247 334 1
247 379 1
247 399 1
247 400 1
247 415 1
247 432 1
247 579 1
247 584 1
247 605 1
247 617 1
247 636 1
247 664 1
248 278 1
248 306 1
248 408 1
248 443 1
248 448 1
248 558 1
249 320 1
249 357 1
249 434 1
249 466 1
249 479 1
249 490 1
249 550 1
249 583 1
249 633 1
249 672 1
249 687 1
249 697 1
250 256 1
250 257 1
250 314 1
250 340 1
250 360 1
250 380 1
250 381 1
250 471 1
250 486 1
250 603 1
250 689 1
251 346 1
251 365 1
251 427 1
251 454 1
251 488 1
252 461 1
252 468 1
252 521 1
252 582 1
252 617 1
252 677 1
252 696 1
253 365 1
253 377 1
253 388 1
253 576 1
253 578 1
253 677 1
254 277 1
254 399 1
254 549 1
254 567 1
254 578 1
254 636 1
254 638 1
254 668 1
255 271 1
255 376 1
255 385 1
255 395 1
255 478 1
255 506 1
255 536 1
255 630 1
255 665 1
256 263 1
256 382 1
256 519 1
256 576 1
256 587 1
256 685 1
257 262 1
257 354 1
258 268 1
258 336 1
258 375 1
258 411 1
258 472 1
258 494 1
258 562 1
258 634 1
258 661 1
258 672 1
259 313 1
259 342 1
259 429 1
259 441 1
259 450 1
259 592 1
259 627 1
260 299 1
260 319 1
260 378 1
260 383 1
260 471 1
260 492 1
260 552 1
260 587 1
261 289 1
261 340 1
261 356 1
261 410 1
261 411 1
261 523 1
261 563 1
261 568 1
261 590 1
261 633 1
261 677 1
262 266 1
262 294 1
262 324 1
262 366 1
262 404 1
262 440 1
262 620 1
262 696 1
263 331 1
263 491 1
263 548 1
263 576 1
263 655 1
264 293 1
264 331 1
264 506 1
264 510 1
264 524 1
264 534 1
264 608 1
264 650 1
265 267 1
265 269 1
265 448 1
265 502 1
265 573 1
266 276 1
266 312 1
266 338 1
266 353 1
266 420 1
266 460 1
266 474 1
266 549 1
266 574 1
266 586 1
267 365 1
267 377 1
267 498 1
267 641 1
268 352 1
268 432 1
268 437 1
268 534 1
268 549 1
269 273 1
269 286 1
269 287 1
269 297 1
269 325 1
269 336 1
269 371 1
269 478 1
269 498 1
269 534 1
269 603 1
269 664 1
269 676 1
270 512 1
270 538 1
270 625 1
270 661 1
270 691 1
270 696 1
271 299 1
271 385 1
271 400 1
271 523 1
271 554 1
272 355 1
272 394 1
272 423 1
272 467 1
272 503 1
272 542 1
272 676 1
273 297 1
273 380 1
273 390 1
273 481 1
273 505 1
273 554 1
273 624 1
273 683 1
274 281 1
274 383 1
274 517 1
275 397 1
275 412 1
275 542 1
275 554 1
275 647 1
276 287 1
276 344 1
276 367 1
276 468 1
276 469 1
276 482 1
276 492 1
276 512 1
276 552 1
276 613 1
276 680 1
277 449 1
277 491 1
277 525 1
277 559 1
277 600 1
278 302 1
278 332 1
278 363 1
278 409 1
278 431 1
278 487 1
278 507 1
278 677 1
278 693 1
279 284 1
279 381 1
279 400 1
279 503 1
279 511 1
279 528 1
279 535 1
279 596 1
279 607 1
279 634 1
279 669 1
280 342 1
280 346 1
280 417 1
280 441 1
280 452 1
280 456 1
280 510 1
280 523 1
280 564 1
280 593 1
280 620 1
280 631 1
280 675 1
281 295 1
281 409 1
281 454 1
281 520 1
281 647 1
281 659 1
281 692 1
282 360 1
282 364 1
282 411 1
282 440 1
282 504 1
283 305 1
283 438 1
283 444 1
283 478 1
283 628 1
283 700 1
284 320 1
284 326 1
284 337 1
284 351 1
284 466 1
284 469 1
284 504 1
284 510 1
284 590 1
284 641 1
284 649 1
284 700 1
285 457 1
285 458 1
285 503 1
285 556 1
285 560 1
285 577 1
286 374 1
286 394 1
286 407 1
286 419 1
286 453 1
286 456 1
286 612 1
286 639 1
286 688 1
287 388 1
287 408 1
287 483 1
287 529 1
287 566 1
287 660 1
287 662 1
287 667 1
288 310 1
288 357 1
288 405 1
288 507 1
288 510 1
288 593 1
288 689 1
289 400 1
289 483 1
289 586 1
289 619 1
289 670 1
289 700 1
290 313 1
290 328 1
290 381 1
290 386 1
290 433 1
290 438 1
290 459 1
290 562 1
290 576 1
290 597 1
290 659 1
291 303 1
291 385 1
291 465 1
291 520 1
291 545 1
291 565 1
291 577 1
291 586 1
291 591 1
291 630 1
291 662 1
292 306 1
292 341 1
292 374 1
292 379 1
292 564 1
292 592 1
292 597 1
292 679 1
292 697 1
293 304 1
293 308 1
293 320 1
293 354 1
293 358 1
293 433 1
293 439 1
293 508 1
293 517 1
293 559 1
293 573 1
293 621 1
293 671 1
294 317 1
294 325 1
294 473 1
294 479 1
294 519 1
294 560 1
294 578 1
294 657 1
295 309 1
295 345 1
295 440 1
295 564 1
295 591 1
295 620 1
295 643 1
296 410 1
296 475 1
296 497 1
297 333 1
297 423 1
297 483 1
297 504 1
297 531 1
297 669 1
298 329 1
298 358 1
298 366 1
298 386 1
298 483 1
298 604 1
298 637 1
298 684 1
299 353 1
299 384 1
299 459 1
299 573 1
299 620 1
299 653 1
299 672 1
299 688 1
300 305 1
300 320 1
300 400 1
300 422 1
300 508 1
300 673 1
300 696 1
301 377 1
301 462 1
301 540 1
301 557 1
301 566 1
301 611 1
301 622 1
301 688 1
302 329 1
302 331 1
302 378 1
302 500 1
302 570 1
302 642 1
302 670 1
303 322 1
303 435 1
303 469 1
303 489 1
303 515 1
303 585 1
304 389 1
304 407 1
304 410 1
304 428 1
304 453 1
304 557 1
304 567 1
304 667 1
304 688 1
305 502 1
305 553 1
305 582 1
305 606 1
305 625 1
306 320 1
306 335 1
306 399 1
306 402 1
306 406 1
306 410 1
306 592 1
307 347 1
307 394 1
307 441 1
307 473 1
307 590 1
307 600 1
308 319 1
308 397 1
308 415 1
308 544 1
308 570 1
308 582 1
308 616 1
308 649 1
309 398 1
309 592 1
310 473 1
310 478 1
310 528 1
310 613 1
310 624 1
310 670 1
311 338 1
311 346 1
311 375 1
311 377 1
311 389 1
311 398 1
311 428 1
311 429 1
311 439 1
311 536 1
311 560 1
312 350 1
312 388 1
312 448 1
312 511 1
312 541 1
312 557 1
312 698 1
313 563 1
314 353 1
314 404 1
314 430 1
314 452 1
314 480 1
314 509 1
314 525 1
314 686 1
315 377 1
315 398 1
315 428 1
315 435 1
315 457 1
315 475 1
315 644 1
315 665 1
316 353 1
316 363 1
316 425 1
316 456 1
316 457 1
316 484 1
316 513 1
316 515 1
316 693 1
317 318 1
317 617 1
317 646 1
317 671 1
318 342 1
318 417 1
318 418 1
318 500 1
318 516 1
318 517 1
318 577 1
318 654 1
319 337 1
319 386 1
319 413 1
319 426 1
319 577 1
319 611 1
319 674 1
320 353 1
320 399 1
320 454 1
320 483 1
321 324 1
321 390 1
321 414 1
321 444 1
321 547 1
321 651 1
321 679 1
322 351 1
322 361 1
322 377 1
322 530 1
322 655 1
322 674 1
323 358 1
323 362 1
323 407 1
323 429 1
323 601 1
323 633 1
323 666 1
323 679 1
324 372 1
324 376 1
324 451 1
324 495 1
324 523 1
324 549 1
324 654 1
325 455 1
325 563 1
325 572 1
326 465 1
326 531 1
326 532 1
326 558 1
326 569 1
326 574 1
326 612 1
326 619 1
326 639 1
326 700 1
327 348 1
327 394 1
327 397 1
327 458 1
327 602 1
327 649 1
328 629 1
328 638 1
329 337 1
329 466 1
329 488 1
329 525 1
329 531 1
329 618 1
329 624 1
329 676 1
330 396 1
330 442 1
330 539 1
331 575 1
331 699 1
332 414 1
332 427 1
332 430 1
332 441 1
332 528 1
332 534 1
332 577 1
332 657 1
333 603 1
333 647 1
333 661 1
334 345 1
334 426 1
334 439 1
334 582 1
334 596 1
334 635 1
334 669 1
335 341 1
335 364 1
335 395 1
335 440 1
335 610 1
336 339 1
336 384 1
336 610 1
337 485 1
337 595 1
337 604 1
337 607 1
338 359 1
338 417 1
338 436 1
338 504 1
338 523 1
338 625 1
339 343 1
339 426 1
339 683 1
340 432 1
340 449 1
340 555 1
340 560 1
340 683 1
341 383 1
341 549 1
341 586 1
342 356 1
342 368 1
342 396 1
342 440 1
342 478 1
342 558 1
342 661 1
343 476 1
343 538 1
343 572 1
343 690 1
344 358 1
344 413 1
344 442 1
344 483 1
344 488 1
344 573 1
344 583 1
344 669 1
345 353 1
345 372 1
345 461 1
345 684 1
346 452 1
346 497 1
346 573 1
346 594 1
346 603 1
346 622 1
346 689 1
347 392 1
347 401 1
347 427 1
347 624 1
347 662 1
347 676 1
348 500 1
348 509 1
348 511 1
348 627 1
348 641 1
348 693 1
349 396 1
349 435 1
349 464 1
349 508 1
349 555 1
349 636 1
350 382 1
350 561 1
350 572 1
350 588 1
350 643 1
350 693 1
351 453 1
351 459 1
351 476 1
351 524 1
351 539 1
351 548 1
351 556 1
351 650 1
352 364 1
352 483 1
352 522 1
352 583 1
353 416 1
353 507 1
353 518 1
353 527 1
353 559 1
354 472 1
354 490 1
354 531 1
354 568 1
354 582 1
354 625 1
354 689 1
355 463 1
355 546 1
355 606 1
355 610 1
356 465 1
356 488 1
356 567 1
356 580 1
356 633 1
356 665 1
357 368 1
357 699 1
358 408 1
358 415 1
358 427 1
358 481 1
358 496 1
358 605 1
358 621 1
358 629 1
359 436 1
359 437 1
359 440 1
359 571 1
359 631 1
359 652 1
359 685 1
360 362 1
360 560 1
360 657 1
360 665 1
360 675 1
361 489 1
361 509 1
361 529 1
361 636 1
362 433 1
362 447 1
362 477 1
362 580 1
362 585 1
362 626 1
363 486 1
363 521 1
363 556 1
364 395 1
364 659 1
365 399 1
365 401 1
365 474 1
365 508 1
365 575 1
365 589 1
365 677 1
366 395 1
366 425 1
366 587 1
366 607 1
366 649 1
367 508 1
367 509 1
367 516 1
367 525 1
367 551 1
367 568 1
367 640 1
368 391 1
368 439 1
368 555 1
369 455 1
370 372 1
370 444 1
370 490 1
370 594 1
370 632 1
370 681 1
371 416 1
371 452 1
371 499 1
371 583 1
371 604 1
371 646 1
371 654 1
372 437 1
372 439 1
372 640 1
372 644 1
373 424 1
373 505 1
373 602 1
373 687 1
374 429 1
374 489 1
374 584 1
374 600 1
374 663 1
374 688 1
375 682 1
375 691 1
376 400 1
376 495 1
377 448 1
377 494 1
377 593 1
377 595 1
377 656 1
378 407 1
378 412 1
378 496 1
378 516 1
378 540 1
378 565 1
378 606 1
379 402 1
379 517 1
379 546 1
380 398 1
380 436 1
380 474 1
381 612 1
381 634 1
382 412 1
382 448 1
382 456 1
382 513 1
382 515 1
382 579 1
383 456 1
383 484 1
383 546 1
383 597 1
383 666 1
383 686 1
384 431 1
384 501 1
384 519 1
384 587 1
384 589 1
385 479 1
385 521 1
385 526 1
385 593 1
385 646 1
386 455 1
386 530 1
386 615 1
386 631 1
386 642 1
387 391 1
387 418 1
387 489 1
387 627 1
387 655 1
388 396 1
388 453 1
388 476 1
388 502 1
388 540 1
388 591 1
389 404 1
389 489 1
389 493 1
389 519 1
389 611 1
389 639 1
389 641 1
390 393 1
390 413 1
390 463 1
390 473 1
390 593 1
390 638 1
390 651 1
390 692 1
391 498 1
391 567 1
392 434 1
392 580 1
393 423 1
393 442 1
394 465 1
394 478 1
394 615 1
394 656 1
395 489 1
395 511 1
395 545 1
395 552 1
395 566 1
395 687 1
395 700 1
396 463 1
396 478 1
396 507 1
396 604 1
396 611 1
396 628 1
397 422 1
397 428 1
397 508 1
397 578 1
397 624 1
397 628 1
397 637 1
398 471 1
398 513 1
399 487 1
399 547 1
399 553 1
399 608 1
400 617 1
401 427 1
401 544 1
401 551 1
401 688 1
402 490 1
402 495 1
402 682 1
403 472 1
403 475 1
403 546 1
403 577 1
403 644 1
404 439 1
404 616 1
404 652 1
405 520 1
405 570 1
405 596 1
406 413 1
406 463 1
406 470 1
406 554 1
406 694 1
407 419 1
407 443 1
407 474 1
407 507 1
407 509 1
407 527 1
407 601 1
408 430 1
408 451 1
408 539 1
408 570 1
408 580 1
408 617 1
408 648 1
408 664 1
408 688 1
408 689 1
409 452 1
409 474 1
409 506 1
409 510 1
409 559 1
410 482 1
410 534 1
410 560 1
410 567 1
410 568 1
410 579 1
410 610 1
410 644 1
411 470 1
411 531 1
411 542 1
412 499 1
412 639 1
412 671 1
413 425 1
413 460 1
413 570 1
413 606 1
413 691 1
414 468 1
414 497 1
414 608 1
414 636 1
414 661 1
414 664 1
415 432 1
415 493 1
415 533 1
415 565 1
415 567 1
415 589 1
415 613 1
416 418 1
416 503 1
416 504 1
416 532 1
416 584 1
417 463 1
417 515 1
417 520 1
417 551 1
417 588 1
417 611 1
418 475 1
418 656 1
418 681 1
419 519 1
419 532 1
419 603 1
420 543 1
420 558 1
420 571 1
420 594 1
420 612 1
421 439 1
421 451 1
421 473 1
421 522 1
421 528 1
421 538 1
421 553 1
421 559 1
421 661 1
422 441 1
422 609 1
422 622 1
422 646 1
422 677 1
423 455 1
423 462 1
423 464 1
423 571 1
423 572 1
423 645 1
423 666 1
423 676 1
424 513 1
424 551 1
424 604 1
424 621 1
424 655 1
425 430 1
425 481 1
425 575 1
425 600 1
425 604 1
425 679 1
425 680 1
426 462 1
426 495 1
426 507 1
426 585 1
426 615 1
426 648 1
427 445 1
427 532 1
427 565 1
427 590 1
427 658 1
427 686 1
428 454 1
428 553 1
428 592 1
428 646 1
429 543 1
429 631 1
430 453 1
430 498 1
430 503 1
430 537 1
430 557 1
430 623 1
430 655 1
431 444 1
431 461 1
431 468 1
431 475 1
431 582 1
431 643 1
432 557 1
432 575 1
433 464 1
433 503 1
433 567 1
433 659 1
434 486 1
434 487 1
434 489 1
434 497 1
434 504 1
434 506 1
434 563 1
434 588 1
434 637 1
434 661 1
434 669 1
435 445 1
435 606 1
435 618 1
435 680 1
436 455 1
436 605 1
436 652 1
436 659 1
436 693 1
437 450 1
437 530 1
437 608 1
437 685 1
438 445 1
438 492 1
438 494 1
438 501 1
438 511 1
438 605 1
439 531 1
439 541 1
440 461 1
440 545 1
440 599 1
440 657 1
440 691 1
441 487 1
441 510 1
441 566 1
441 578 1
441 587 1
441 688 1
442 461 1
442 539 1
442 566 1
442 626 1
443 677 1
443 680 1
443 690 1
444 533 1
444 574 1
444 655 1
445 474 1
445 482 1
445 528 1
445 691 1
446 545 1
447 455 1
447 491 1
447 506 1
447 583 1
447 665 1
447 681 1
448 506 1
448 520 1
448 600 1
448 617 1
448 651 1
449 629 1
450 496 1
450 514 1
450 523 1
450 588 1
450 645 1
450 694 1
451 469 1
451 512 1
451 586 1
452 527 1
452 689 1
453 468 1
453 541 1
453 566 1
453 577 1
453 620 1
453 624 1
453 640 1
453 646 1
454 467 1
454 638 1
454 663 1
454 692 1
455 465 1
455 575 1
455 649 1
456 479 1
456 503 1
457 663 1
457 698 1
458 459 1
458 525 1
458 548 1
458 661 1
458 674 1
459 491 1
459 581 1
459 590 1
459 673 1
459 691 1
460 496 1
460 566 1
460 601 1
460 638 1
460 685 1
461 484 1
461 542 1
461 561 1
462 535 1
462 692 1
463 496 1
463 500 1
463 505 1
463 666 1
464 539 1
464 556 1
464 579 1
464 673 1
464 675 1
465 527 1
465 544 1
465 550 1
465 602 1
465 682 1
466 495 1
466 608 1
466 628 1
467 659 1
468 476 1
468 480 1
468 529 1
468 532 1
468 630 1
469 529 1
469 535 1
469 561 1
469 603 1
469 616 1
469 643 1
470 615 1
471 534 1
471 652 1
471 657 1
471 658 1
471 662 1
471 663 1
471 666 1
471 670 1
472 473 1
472 519 1
472 522 1
472 672 1
473 474 1
473 554 1
473 626 1
473 645 1
473 689 1
474 477 1
474 484 1
474 509 1
474 533 1
474 538 1
474 548 1
474 627 1
475 562 1
475 647 1
475 694 1
476 501 1
476 577 1
477 495 1
477 598 1
477 641 1
477 699 1
479 678 1
480 572 1
480 640 1
480 662 1
480 668 1
480 689 1
481 660 1
482 485 1
482 539 1
482 631 1
482 673 1
482 685 1
483 491 1
483 673 1
484 513 1
484 518 1
484 606 1
484 627 1
485 628 1
485 650 1
485 651 1
485 682 1
486 508 1
486 540 1
486 669 1
486 681 1
486 696 1
487 523 1
487 553 1
487 570 1
487 610 1
487 674 1
487 683 1
488 551 1
488 569 1
489 496 1
489 540 1
489 542 1
489 588 1
489 605 1
489 696 1
490 537 1
490 619 1
490 630 1
491 493 1
491 627 1
491 633 1
492 580 1
492 591 1
492 629 1
492 697 1
493 514 1
493 644 1
493 695 1
494 568 1
494 579 1
494 637 1
494 670 1
495 637 1
495 657 1
495 660 1
495 668 1
495 698 1
496 498 1
496 549 1
496 562 1
496 592 1
496 682 1
497 569 1
497 581 1
497 617 1
497 697 1
498 519 1
498 562 1
498 613 1
498 694 1
499 507 1
499 698 1
500 537 1
500 597 1
500 612 1
500 618 1
500 619 1
501 621 1
501 678 1
502 601 1
502 685 1
503 514 1
503 572 1
503 629 1
503 686 1
503 687 1
504 530 1
504 556 1
504 607 1
504 616 1
504 624 1
505 533 1
505 535 1
505 675 1
506 557 1
506 623 1
507 553 1
507 579 1
507 642 1
507 664 1
507 672 1
508 597 1
508 630 1
508 635 1
509 525 1
509 566 1
509 651 1
509 659 1
509 675 1
510 516 1
510 658 1
510 679 1
511 573 1
511 640 1
512 522 1
512 573 1
512 589 1
512 592 1
513 515 1
513 526 1
513 529 1
513 622 1
513 667 1
513 692 1
514 535 1
514 621 1
515 534 1
515 600 1
515 654 1
516 529 1
516 636 1
517 582 1
517 632 1
517 647 1
518 525 1
518 543 1
518 618 1
518 698 1
519 520 1
519 575 1
519 596 1
519 609 1
519 642 1
519 646 1
519 676 1
520 521 1
520 559 1
520 594 1
520 674 1
521 525 1
521 545 1
521 551 1
521 610 1
521 662 1
521 673 1
521 679 1
522 595 1
522 658 1
522 691 1
523 541 1
523 543 1
523 582 1
523 593 1
523 613 1
523 628 1
523 651 1
523 666 1
524 551 1
524 598 1
524 638 1
525 547 1
525 553 1
525 588 1
525 627 1
525 674 1
526 560 1
526 586 1
526 660 1
526 671 1
526 687 1
527 536 1
527 565 1
527 598 1
527 669 1
527 693 1
528 628 1
528 651 1
529 615 1
529 634 1
529 663 1
530 619 1
530 690 1
531 560 1
531 561 1
531 562 1
531 609 1
531 660 1
531 677 1
532 551 1
532 635 1
532 653 1
532 662 1
533 574 1
533 689 1
534 569 1
534 570 1
534 588 1
534 648 1
535 591 1
535 602 1
535 630 1
536 540 1
536 565 1
536 630 1
536 660 1
536 681 1
537 555 1
537 642 1
537 652 1
537 663 1
538 572 1
538 625 1
539 554 1
539 613 1
539 647 1
540 570 1
540 638 1
540 676 1
541 616 1
541 630 1
541 636 1
541 637 1
541 652 1
541 674 1
542 614 1
542 666 1
542 685 1
545 595 1
545 630 1
545 667 1
546 576 1
546 647 1
546 666 1
547 596 1
547 677 1
548 550 1
548 650 1
548 655 1
549 560 1
549 685 1
550 651 1
550 654 1
550 676 1
551 578 1
551 602 1
551 603 1
554 591 1
554 620 1
554 628 1
555 562 1
555 643 1
556 615 1
557 595 1
557 693 1
558 561 1
558 645 1
559 690 1
559 696 1
560 622 1
562 585 1
562 586 1
562 587 1
562 682 1
563 585 1
563 654 1
563 685 1
564 594 1
565 583 1
565 632 1
565 654 1
566 605 1
566 621 1
567 576 1
567 586 1
568 581 1
568 592 1
568 620 1
568 627 1
568 637 1
568 646 1
568 676 1
569 671 1
570 579 1
570 648 1
570 668 1
570 687 1
570 698 1
571 649 1
573 667 1
573 695 1
573 697 1
574 594 1
574 606 1
575 591 1
576 594 1
578 598 1
578 694 1
580 581 1
580 590 1
580 614 1
580 650 1
580 653 1
581 631 1
582 619 1
583 600 1
583 608 1
584 595 1
584 606 1
585 644 1
585 646 1
585 668 1
585 672 1
585 683 1
585 686 1
585 695 1
586 650 1
586 690 1
587 653 1
588 658 1
588 692 1
589 640 1
590 604 1
590 618 1
590 627 1
590 650 1
590 685 1
591 610 1
592 641 1
592 657 1
592 690 1
592 693 1
593 633 1
594 626 1
594 689 1
596 599 1
596 648 1
596 672 1
597 680 1
599 688 1
600 637 1
600 659 1
600 678 1
601 649 1
601 671 1
601 689 1
603 616 1
603 654 1
603 681 1
604 623 1
604 632 1
604 642 1
605 677 1
606 653 1
607 653 1
610 626 1
612 634 1
613 658 1
613 663 1
613 668 1
614 645 1
614 692 1
614 696 1
615 665 1
616 646 1
618 673 1
619 662 1
619 695 1
620 628 1
620 686 1
621 664 1
623 631 1
623 674 1
624 642 1
625 630 1
625 634 1
625 675 1
627 632 1
627 672 1
628 657 1
629 678 1
630 684 1
632 650 1
633 692 1
635 661 1
636 673 1
636 691 1
636 700 1
637 653 1
639 653 1
639 663 1
639 665 1
639 694 1
639 695 1
640 642 1
641 657 1
641 686 1
643 686 1
643 694 1
645 651 1
647 684 1
648 652 1
649 664 1
649 671 1
651 683 1
651 686 1
652 665 1
653 699 1
654 655 1
661 668 1
664 687 1
665 680 1
673 686 1
673 691 1
673 695 1
679 681 1
682 690 1
687 698 1
690 699 1
692 698 1
693 700 1
697 700 1
