900 5122 
1 35 1
1 47 1
1 119 1
1 469 1
1 478 1
1 547 1
1 549 1
1 671 1
1 794 1
1 875 1
1 888 1
2 19 1
2 42 1
2 55 1
2 56 1
2 214 1
2 247 1
2 431 1
2 450 1
2 653 1
2 681 1
2 814 1
2 826 1
3 182 1
3 224 1
3 269 1
3 286 1
3 339 1
3 436 1
3 520 1
3 695 1
3 721 1
3 765 1
3 810 1
3 896 1
4 7 1
4 52 1
4 293 1
4 314 1
4 368 1
4 600 1
4 708 1
4 717 1
4 722 1
4 759 1
4 805 1
5 78 1
5 92 1
5 219 1
5 298 1
5 313 1
5 340 1
5 588 1
5 655 1
5 714 1
5 740 1
5 811 1
6 145 1
6 219 1
6 303 1
6 338 1
6 407 1
6 413 1
6 432 1
6 536 1
6 679 1
6 717 1
6 766 1
6 873 1
7 96 1
7 98 1
7 266 1
7 283 1
7 322 1
7 388 1
7 483 1
7 518 1
7 633 1
7 737 1
7 884 1
8 100 1
8 375 1
8 383 1
8 443 1
8 545 1
8 673 1
8 682 1
8 683 1
8 775 1
8 823 1
8 828 1
8 871 1
9 119 1
9 257 1
9 336 1
9 349 1
9 386 1
9 549 1
9 573 1
9 574 1
9 680 1
9 754 1
9 794 1
9 849 1
10 24 1
10 154 1
10 166 1
10 198 1
10 261 1
10 341 1
10 464 1
10 650 1
10 654 1
10 677 1
10 687 1
11 76 1
11 91 1
11 164 1
11 218 1
11 221 1
11 291 1
11 369 1
11 412 1
11 717 1
11 741 1
11 813 1
11 832 1
12 106 1
12 147 1
12 160 1
12 263 1
12 437 1
12 572 1
12 621 1
12 682 1
12 759 1
12 826 1
12 827 1
13 55 1
13 355 1
13 482 1
13 499 1
13 529 1
13 532 1
13 635 1
13 642 1
13 762 1
13 770 1
13 771 1
13 900 1
14 171 1
14 247 1
14 254 1
14 322 1
14 507 1
14 547 1
14 624 1
14 626 1
14 653 1
14 697 1
14 726 1
15 137 1
15 176 1
15 178 1
15 427 1
15 472 1
15 572 1
15 612 1
15 641 1
15 798 1
16 67 1
16 100 1
16 231 1
16 392 1
16 433 1
16 577 1
16 649 1
16 688 1
16 710 1
16 844 1
17 115 1
17 186 1
17 248 1
17 254 1
17 269 1
17 301 1
17 362 1
17 414 1
17 728 1
17 786 1
17 885 1
18 49 1
18 300 1
18 457 1
18 461 1
18 517 1
18 523 1
18 529 1
18 762 1
18 826 1
18 896 1
19 65 1
19 385 1
19 449 1
19 462 1
19 638 1
19 670 1
19 710 1
19 830 1
19 848 1
19 871 1
19 895 1
20 39 1
20 86 1
20 296 1
20 378 1
20 567 1
20 604 1
20 661 1
20 677 1
20 702 1
20 722 1
20 744 1
20 796 1
21 127 1
21 208 1
21 219 1
21 252 1
21 351 1
21 523 1
21 593 1
21 701 1
21 737 1
21 768 1
21 859 1
22 269 1
22 329 1
22 480 1
22 530 1
22 630 1
22 669 1
22 674 1
22 801 1
22 831 1
22 879 1
22 883 1
23 176 1
23 181 1
23 308 1
23 599 1
23 643 1
23 666 1
23 669 1
23 723 1
23 822 1
23 837 1
23 879 1
23 895 1
24 105 1
24 192 1
24 357 1
24 378 1
24 590 1
24 593 1
24 638 1
24 752 1
24 799 1
24 876 1
25 27 1
25 128 1
25 177 1
25 385 1
25 396 1
25 426 1
25 552 1
25 615 1
25 629 1
25 683 1
25 880 1
26 174 1
26 222 1
26 500 1
26 503 1
26 528 1
26 627 1
26 690 1
26 717 1
26 744 1
26 798 1
26 862 1
27 140 1
27 276 1
27 370 1
27 482 1
27 584 1
27 740 1
27 784 1
27 814 1
27 883 1
27 897 1
28 112 1
28 209 1
28 250 1
28 301 1
28 315 1
28 319 1
28 375 1
28 408 1
28 415 1
28 491 1
28 669 1
28 870 1
29 39 1
29 109 1
29 351 1
29 470 1
29 552 1
29 611 1
29 648 1
29 669 1
29 775 1
29 786 1
30 50 1
30 94 1
30 186 1
30 313 1
30 393 1
30 415 1
30 698 1
30 705 1
30 752 1
30 764 1
30 774 1
30 799 1
31 123 1
31 247 1
31 267 1
31 376 1
31 440 1
31 474 1
31 568 1
31 571 1
31 592 1
31 821 1
31 882 1
32 96 1
32 174 1
32 264 1
32 429 1
32 544 1
32 652 1
32 682 1
32 685 1
32 713 1
32 835 1
33 69 1
33 114 1
33 177 1
33 238 1
33 271 1
33 437 1
33 496 1
33 622 1
33 625 1
33 709 1
33 818 1
34 61 1
34 116 1
34 124 1
34 138 1
34 301 1
34 389 1
34 456 1
34 600 1
34 767 1
34 829 1
34 833 1
35 37 1
35 215 1
35 222 1
35 291 1
35 365 1
35 409 1
35 446 1
35 567 1
35 621 1
35 647 1
35 799 1
35 804 1
36 66 1
36 92 1
36 185 1
36 248 1
36 289 1
36 364 1
36 507 1
36 545 1
36 754 1
36 794 1
36 889 1
37 150 1
37 173 1
37 243 1
37 423 1
37 475 1
37 479 1
37 507 1
37 548 1
37 814 1
37 870 1
38 102 1
38 127 1
38 131 1
38 269 1
38 392 1
38 420 1
38 489 1
38 517 1
38 613 1
38 686 1
38 688 1
39 84 1
39 95 1
39 99 1
39 135 1
39 248 1
39 408 1
39 494 1
39 574 1
39 683 1
39 750 1
39 831 1
40 131 1
40 152 1
40 257 1
40 460 1
40 515 1
40 523 1
40 690 1
41 121 1
41 148 1
41 247 1
41 444 1
41 543 1
41 648 1
41 696 1
41 714 1
41 762 1
41 829 1
41 860 1
42 183 1
42 241 1
42 249 1
42 289 1
42 372 1
42 595 1
42 612 1
42 636 1
42 649 1
42 725 1
43 45 1
43 174 1
43 178 1
43 182 1
43 293 1
43 393 1
43 586 1
43 606 1
43 706 1
43 712 1
43 869 1
44 52 1
44 114 1
44 199 1
44 338 1
44 363 1
44 400 1
44 511 1
44 523 1
44 576 1
44 613 1
44 758 1
45 99 1
45 148 1
45 154 1
45 220 1
45 592 1
45 666 1
45 675 1
45 691 1
45 709 1
45 810 1
45 829 1
46 213 1
46 362 1
46 425 1
46 518 1
46 552 1
46 626 1
46 644 1
46 658 1
46 761 1
46 783 1
46 785 1
46 836 1
47 56 1
47 354 1
47 493 1
47 541 1
47 624 1
47 630 1
47 645 1
47 673 1
47 674 1
47 701 1
47 882 1
48 118 1
48 200 1
48 229 1
48 256 1
48 388 1
48 439 1
48 478 1
48 529 1
48 627 1
48 737 1
48 793 1
49 154 1
49 225 1
49 248 1
49 261 1
49 311 1
49 370 1
49 423 1
49 430 1
49 515 1
49 546 1
49 700 1
50 126 1
50 222 1
50 428 1
50 438 1
50 500 1
50 578 1
50 587 1
50 611 1
50 656 1
50 829 1
51 80 1
51 147 1
51 251 1
51 277 1
51 426 1
51 515 1
51 599 1
51 692 1
51 878 1
51 881 1
52 98 1
52 222 1
52 284 1
52 296 1
52 391 1
52 494 1
52 603 1
52 640 1
52 720 1
52 742 1
52 789 1
52 897 1
53 58 1
53 99 1
53 174 1
53 240 1
53 285 1
53 352 1
53 512 1
53 519 1
53 520 1
53 583 1
53 701 1
53 837 1
54 153 1
54 352 1
54 488 1
54 531 1
54 538 1
54 539 1
54 575 1
54 622 1
54 726 1
54 727 1
54 803 1
55 114 1
55 122 1
55 189 1
55 205 1
55 239 1
55 308 1
55 497 1
55 646 1
55 650 1
55 701 1
55 813 1
55 900 1
56 193 1
56 198 1
56 202 1
56 332 1
56 396 1
56 511 1
56 554 1
56 713 1
56 772 1
56 818 1
57 138 1
57 146 1
57 206 1
57 295 1
57 397 1
57 449 1
57 763 1
57 789 1
57 803 1
57 843 1
58 178 1
58 211 1
58 315 1
58 331 1
58 333 1
58 364 1
58 435 1
58 495 1
58 567 1
58 737 1
58 848 1
59 163 1
59 309 1
59 352 1
59 363 1
59 424 1
59 493 1
59 543 1
59 585 1
59 663 1
59 758 1
59 846 1
59 852 1
60 120 1
60 453 1
60 512 1
60 530 1
60 546 1
60 575 1
60 596 1
60 867 1
60 874 1
60 881 1
61 125 1
61 176 1
61 187 1
61 263 1
61 297 1
61 355 1
61 536 1
61 677 1
61 722 1
61 728 1
61 756 1
62 174 1
62 185 1
62 215 1
62 291 1
62 537 1
62 572 1
62 601 1
62 726 1
62 739 1
62 811 1
62 831 1
63 117 1
63 200 1
63 276 1
63 406 1
63 437 1
63 497 1
63 501 1
63 623 1
63 635 1
63 781 1
64 197 1
64 343 1
64 387 1
64 390 1
64 391 1
64 402 1
64 409 1
64 482 1
64 493 1
64 515 1
64 851 1
64 861 1
65 154 1
65 361 1
65 439 1
65 526 1
65 690 1
65 712 1
65 755 1
65 899 1
66 79 1
66 120 1
66 280 1
66 409 1
66 455 1
66 466 1
66 480 1
66 499 1
66 611 1
66 661 1
66 695 1
67 151 1
67 302 1
67 342 1
67 356 1
67 374 1
67 503 1
67 750 1
67 763 1
67 841 1
67 876 1
67 894 1
68 393 1
68 409 1
68 410 1
68 483 1
68 510 1
68 549 1
68 615 1
68 650 1
68 753 1
68 779 1
68 830 1
69 116 1
69 200 1
69 233 1
69 274 1
69 300 1
69 352 1
69 382 1
69 402 1
69 664 1
69 714 1
69 827 1
69 832 1
70 161 1
70 406 1
70 487 1
70 583 1
70 609 1
70 638 1
70 718 1
70 723 1
70 831 1
71 110 1
71 121 1
71 179 1
71 221 1
71 234 1
71 449 1
71 471 1
71 572 1
71 693 1
71 772 1
72 82 1
72 99 1
72 117 1
72 120 1
72 236 1
72 242 1
72 554 1
72 623 1
72 647 1
72 688 1
72 866 1
72 879 1
73 124 1
73 200 1
73 243 1
73 250 1
73 328 1
73 383 1
73 430 1
73 566 1
73 656 1
73 755 1
73 843 1
74 84 1
74 241 1
74 331 1
74 362 1
74 379 1
74 413 1
74 433 1
74 553 1
74 632 1
74 698 1
74 804 1
75 82 1
75 90 1
75 145 1
75 192 1
75 257 1
75 477 1
75 677 1
75 723 1
75 795 1
76 173 1
76 233 1
76 242 1
76 255 1
76 264 1
76 279 1
76 417 1
76 605 1
76 612 1
76 776 1
77 168 1
77 281 1
77 363 1
77 408 1
77 595 1
77 635 1
77 668 1
77 675 1
77 750 1
78 80 1
78 135 1
78 312 1
78 405 1
78 470 1
78 526 1
78 538 1
78 597 1
78 741 1
78 866 1
79 111 1
79 141 1
79 318 1
79 361 1
79 420 1
79 516 1
79 540 1
79 672 1
79 686 1
79 709 1
79 842 1
80 172 1
80 329 1
80 448 1
80 451 1
80 484 1
80 628 1
80 655 1
80 721 1
80 796 1
80 797 1
80 871 1
81 96 1
81 147 1
81 187 1
81 317 1
81 342 1
81 421 1
81 460 1
81 519 1
81 652 1
81 893 1
82 204 1
82 305 1
82 379 1
82 413 1
82 477 1
82 530 1
82 610 1
82 807 1
83 90 1
83 194 1
83 327 1
83 622 1
83 628 1
83 652 1
83 707 1
83 771 1
83 834 1
83 878 1
84 127 1
84 159 1
84 178 1
84 183 1
84 389 1
84 518 1
84 633 1
84 638 1
84 676 1
84 721 1
85 192 1
85 258 1
85 340 1
85 365 1
85 369 1
85 403 1
85 483 1
85 567 1
85 653 1
85 703 1
85 821 1
85 891 1
86 119 1
86 155 1
86 178 1
86 236 1
86 362 1
86 535 1
86 537 1
86 539 1
86 556 1
86 634 1
86 819 1
87 89 1
87 173 1
87 214 1
87 226 1
87 275 1
87 329 1
87 408 1
87 446 1
87 490 1
87 681 1
87 713 1
87 855 1
88 140 1
88 146 1
88 210 1
88 241 1
88 321 1
88 461 1
88 590 1
88 848 1
89 240 1
89 309 1
89 319 1
89 384 1
89 410 1
89 576 1
89 615 1
89 633 1
89 795 1
89 805 1
89 815 1
89 859 1
90 254 1
90 255 1
90 332 1
90 341 1
90 386 1
90 664 1
90 669 1
90 691 1
90 866 1
91 175 1
91 213 1
91 240 1
91 267 1
91 306 1
91 394 1
91 469 1
91 527 1
91 767 1
91 879 1
92 207 1
92 483 1
92 492 1
92 535 1
92 657 1
92 749 1
92 839 1
92 872 1
93 132 1
93 150 1
93 156 1
93 238 1
93 424 1
93 616 1
93 647 1
93 771 1
93 843 1
93 865 1
94 218 1
94 259 1
94 356 1
94 358 1
94 380 1
94 382 1
94 468 1
94 547 1
94 705 1
94 859 1
94 877 1
95 106 1
95 113 1
95 133 1
95 152 1
95 347 1
95 391 1
95 480 1
95 538 1
95 623 1
95 806 1
96 140 1
96 183 1
96 329 1
96 372 1
96 448 1
96 529 1
96 562 1
96 712 1
96 750 1
96 879 1
97 156 1
97 264 1
97 272 1
97 327 1
97 434 1
97 596 1
97 659 1
97 675 1
97 717 1
97 780 1
97 865 1
98 505 1
98 533 1
98 585 1
98 679 1
98 680 1
98 791 1
98 811 1
98 835 1
98 860 1
98 884 1
98 900 1
99 106 1
99 115 1
99 250 1
99 459 1
99 540 1
99 544 1
99 608 1
99 652 1
99 782 1
99 803 1
100 174 1
100 236 1
100 287 1
100 405 1
100 417 1
100 429 1
100 467 1
100 744 1
100 752 1
100 815 1
101 106 1
101 112 1
101 166 1
101 246 1
101 259 1
101 419 1
101 443 1
101 549 1
101 837 1
101 850 1
101 854 1
102 308 1
102 350 1
102 353 1
102 479 1
102 692 1
102 718 1
102 720 1
102 792 1
102 803 1
102 819 1
102 893 1
103 109 1
103 157 1
103 167 1
103 354 1
103 443 1
104 458 1
104 477 1
104 563 1
104 569 1
104 582 1
104 611 1
104 627 1
104 662 1
104 691 1
104 749 1
104 825 1
104 830 1
105 171 1
105 197 1
105 382 1
105 483 1
105 529 1
105 551 1
105 579 1
105 585 1
105 607 1
105 669 1
105 848 1
106 112 1
106 313 1
106 368 1
106 410 1
106 466 1
106 570 1
106 778 1
106 792 1
106 822 1
106 863 1
107 208 1
107 227 1
107 383 1
107 413 1
107 477 1
107 604 1
107 641 1
107 657 1
107 723 1
107 731 1
107 864 1
108 178 1
108 191 1
108 294 1
108 493 1
108 612 1
108 715 1
108 744 1
108 768 1
108 785 1
108 862 1
109 143 1
109 182 1
109 225 1
109 249 1
109 266 1
109 391 1
109 577 1
109 619 1
109 768 1
109 802 1
110 175 1
110 185 1
110 313 1
110 599 1
110 643 1
110 830 1
110 841 1
110 850 1
110 854 1
111 127 1
111 131 1
111 171 1
111 284 1
111 310 1
111 591 1
111 751 1
111 752 1
111 775 1
111 870 1
112 142 1
112 192 1
112 300 1
112 437 1
112 537 1
112 551 1
112 619 1
112 628 1
112 654 1
112 682 1
113 119 1
113 145 1
113 160 1
113 181 1
113 229 1
113 334 1
113 420 1
113 438 1
113 574 1
113 697 1
114 116 1
114 257 1
114 365 1
114 386 1
114 388 1
114 515 1
114 538 1
114 545 1
114 589 1
114 670 1
114 704 1
114 766 1
115 144 1
115 384 1
115 407 1
115 517 1
115 534 1
115 543 1
115 578 1
115 673 1
115 785 1
115 807 1
115 851 1
115 899 1
116 222 1
116 391 1
116 459 1
116 506 1
116 530 1
116 644 1
116 669 1
116 713 1
116 801 1
116 876 1
116 886 1
117 186 1
117 272 1
117 380 1
117 419 1
117 487 1
117 542 1
117 650 1
117 888 1
118 131 1
118 158 1
118 287 1
118 432 1
118 562 1
118 868 1
118 894 1
119 143 1
119 211 1
119 220 1
119 274 1
119 379 1
119 605 1
119 696 1
119 750 1
119 823 1
119 861 1
119 888 1
120 185 1
120 271 1
120 376 1
120 506 1
120 630 1
120 664 1
120 777 1
120 899 1
121 149 1
121 186 1
121 297 1
121 337 1
121 418 1
121 544 1
121 582 1
121 640 1
121 646 1
121 726 1
121 783 1
121 837 1
122 212 1
122 354 1
122 426 1
122 506 1
122 547 1
122 726 1
122 748 1
122 827 1
122 836 1
122 873 1
123 141 1
123 483 1
123 646 1
123 668 1
123 701 1
123 788 1
123 802 1
123 812 1
123 838 1
124 316 1
124 357 1
124 433 1
124 519 1
124 673 1
124 710 1
124 724 1
124 729 1
124 750 1
124 840 1
124 855 1
125 221 1
125 299 1
125 304 1
125 394 1
125 437 1
125 602 1
125 677 1
125 835 1
125 849 1
125 866 1
125 870 1
126 138 1
126 146 1
126 355 1
126 391 1
126 471 1
126 477 1
126 589 1
126 658 1
126 664 1
126 690 1
127 177 1
127 197 1
127 274 1
127 335 1
127 518 1
127 546 1
127 556 1
127 590 1
127 630 1
128 277 1
128 297 1
128 325 1
128 613 1
128 631 1
128 751 1
128 849 1
128 853 1
128 876 1
128 888 1
129 160 1
129 196 1
129 232 1
129 328 1
129 471 1
129 473 1
129 547 1
129 550 1
129 552 1
129 615 1
130 160 1
130 165 1
130 241 1
130 269 1
130 340 1
130 547 1
130 576 1
130 591 1
130 629 1
130 794 1
130 833 1
131 226 1
131 239 1
131 294 1
131 413 1
131 488 1
131 567 1
131 594 1
131 662 1
131 670 1
131 756 1
131 772 1
132 238 1
132 245 1
132 460 1
132 552 1
132 583 1
132 697 1
132 777 1
132 804 1
132 816 1
132 831 1
132 878 1
133 453 1
133 461 1
133 522 1
133 532 1
133 542 1
133 569 1
133 582 1
133 674 1
133 700 1
133 875 1
133 877 1
134 135 1
134 226 1
134 264 1
134 277 1
134 426 1
134 428 1
134 694 1
134 775 1
134 847 1
134 864 1
135 152 1
135 204 1
135 290 1
135 362 1
135 534 1
135 640 1
135 650 1
135 676 1
135 862 1
136 247 1
136 304 1
136 343 1
136 493 1
136 619 1
136 800 1
136 806 1
136 830 1
137 173 1
137 270 1
137 300 1
137 362 1
137 379 1
137 380 1
137 444 1
137 500 1
137 520 1
137 530 1
137 684 1
137 794 1
138 277 1
138 366 1
138 396 1
138 422 1
138 482 1
138 526 1
138 637 1
138 659 1
138 731 1
138 786 1
138 794 1
138 877 1
139 141 1
139 162 1
139 173 1
139 208 1
139 341 1
139 447 1
139 658 1
139 670 1
139 731 1
139 850 1
139 889 1
140 244 1
140 278 1
140 499 1
140 579 1
140 591 1
140 619 1
140 648 1
140 721 1
140 753 1
140 849 1
141 208 1
141 218 1
141 363 1
141 416 1
141 659 1
141 769 1
141 821 1
141 837 1
141 866 1
141 885 1
142 267 1
142 275 1
142 284 1
142 382 1
142 468 1
142 561 1
142 839 1
142 862 1
143 192 1
143 223 1
143 367 1
143 427 1
143 454 1
143 511 1
143 653 1
143 775 1
143 828 1
144 150 1
144 189 1
144 288 1
144 351 1
144 449 1
144 473 1
144 576 1
144 731 1
144 768 1
144 772 1
144 828 1
145 157 1
145 161 1
145 223 1
145 460 1
145 586 1
145 647 1
145 678 1
145 683 1
145 728 1
145 810 1
146 159 1
146 223 1
146 350 1
146 437 1
146 654 1
146 767 1
146 783 1
146 831 1
146 851 1
146 857 1
146 879 1
147 204 1
147 240 1
147 357 1
147 397 1
147 496 1
147 679 1
147 837 1
147 869 1
148 218 1
148 351 1
148 364 1
148 451 1
148 515 1
148 584 1
148 625 1
148 652 1
148 789 1
148 870 1
149 260 1
149 450 1
149 460 1
149 583 1
149 621 1
149 702 1
149 750 1
149 819 1
149 878 1
150 410 1
150 486 1
150 513 1
150 631 1
150 647 1
150 867 1
151 299 1
151 317 1
151 329 1
151 335 1
151 356 1
151 513 1
151 528 1
151 662 1
151 726 1
151 807 1
151 828 1
151 855 1
152 200 1
152 221 1
152 224 1
152 238 1
152 258 1
152 396 1
152 580 1
152 620 1
152 636 1
152 640 1
152 660 1
152 695 1
153 272 1
153 354 1
153 401 1
153 502 1
153 552 1
153 652 1
153 705 1
153 800 1
153 822 1
154 173 1
154 245 1
154 257 1
154 372 1
154 424 1
154 453 1
154 467 1
154 757 1
154 763 1
155 189 1
155 205 1
155 308 1
155 332 1
155 561 1
155 601 1
155 633 1
155 786 1
155 823 1
156 222 1
156 258 1
156 271 1
156 277 1
156 435 1
156 638 1
156 673 1
156 714 1
156 737 1
156 744 1
156 874 1
156 879 1
157 185 1
157 272 1
157 322 1
157 426 1
157 485 1
157 709 1
157 797 1
158 220 1
158 222 1
158 268 1
158 270 1
158 418 1
158 467 1
158 517 1
158 567 1
158 674 1
158 881 1
159 184 1
159 335 1
159 354 1
159 360 1
159 464 1
159 499 1
159 523 1
159 659 1
159 746 1
159 750 1
159 832 1
160 190 1
160 230 1
160 270 1
160 322 1
160 358 1
160 372 1
160 716 1
160 801 1
160 802 1
160 855 1
160 894 1
161 192 1
161 205 1
161 214 1
161 274 1
161 414 1
161 514 1
161 583 1
161 637 1
161 785 1
161 827 1
162 189 1
162 197 1
162 458 1
162 471 1
162 536 1
162 616 1
162 661 1
162 793 1
162 862 1
163 252 1
163 277 1
163 299 1
163 417 1
163 572 1
163 611 1
163 663 1
163 774 1
163 777 1
163 885 1
164 278 1
164 400 1
164 445 1
164 624 1
164 626 1
164 664 1
164 692 1
164 711 1
165 248 1
165 259 1
165 286 1
165 410 1
165 473 1
165 482 1
165 543 1
165 756 1
166 186 1
166 315 1
166 342 1
166 345 1
166 422 1
166 474 1
166 542 1
166 743 1
166 765 1
166 771 1
167 205 1
167 237 1
167 265 1
167 322 1
167 370 1
167 485 1
167 557 1
167 655 1
167 664 1
167 776 1
168 178 1
168 268 1
168 275 1
168 481 1
168 544 1
168 616 1
168 647 1
168 716 1
168 783 1
168 840 1
168 884 1
169 352 1
169 354 1
169 423 1
169 462 1
169 477 1
169 489 1
169 635 1
169 821 1
169 843 1
170 176 1
170 199 1
170 349 1
170 425 1
170 506 1
170 511 1
170 512 1
170 521 1
170 551 1
170 632 1
170 639 1
170 722 1
171 232 1
171 249 1
171 355 1
171 509 1
171 545 1
171 552 1
171 557 1
171 708 1
171 727 1
171 783 1
172 219 1
172 310 1
172 330 1
172 462 1
172 589 1
172 662 1
172 868 1
173 325 1
173 443 1
173 603 1
173 645 1
173 685 1
173 817 1
173 894 1
174 404 1
174 455 1
174 516 1
174 569 1
174 662 1
174 711 1
174 751 1
174 781 1
174 799 1
174 826 1
175 272 1
175 386 1
175 465 1
175 603 1
175 607 1
175 771 1
175 805 1
175 829 1
175 866 1
175 892 1
176 255 1
176 266 1
176 407 1
176 535 1
176 549 1
176 664 1
176 694 1
176 804 1
176 807 1
176 820 1
176 846 1
177 237 1
177 303 1
177 329 1
177 332 1
177 391 1
177 603 1
177 642 1
177 761 1
177 813 1
177 820 1
178 240 1
178 265 1
178 367 1
178 512 1
178 679 1
178 687 1
178 753 1
178 787 1
178 790 1
178 831 1
179 359 1
179 428 1
179 434 1
179 511 1
179 525 1
179 750 1
179 786 1
179 856 1
180 189 1
180 427 1
180 447 1
180 543 1
180 573 1
180 599 1
180 603 1
180 655 1
180 853 1
181 290 1
181 537 1
181 576 1
181 592 1
181 672 1
181 676 1
181 779 1
181 874 1
181 880 1
182 203 1
182 246 1
182 300 1
182 469 1
182 479 1
182 784 1
183 255 1
183 274 1
183 333 1
183 362 1
183 377 1
183 455 1
183 499 1
183 680 1
183 763 1
183 826 1
184 275 1
184 351 1
184 499 1
184 547 1
184 688 1
184 707 1
184 753 1
184 768 1
184 863 1
185 267 1
185 305 1
185 312 1
185 388 1
185 406 1
185 438 1
185 468 1
185 555 1
186 212 1
186 248 1
186 260 1
186 309 1
186 316 1
186 338 1
186 592 1
187 233 1
187 357 1
187 472 1
187 490 1
187 510 1
187 556 1
187 659 1
187 675 1
187 825 1
187 893 1
188 220 1
188 250 1
188 268 1
188 373 1
188 399 1
188 487 1
188 498 1
188 630 1
188 774 1
188 866 1
189 201 1
189 297 1
189 490 1
189 666 1
189 670 1
189 682 1
189 787 1
190 326 1
190 480 1
190 537 1
190 675 1
190 679 1
190 682 1
190 722 1
190 744 1
190 806 1
190 807 1
190 818 1
190 866 1
191 239 1
191 293 1
191 295 1
191 318 1
191 342 1
191 464 1
191 507 1
191 801 1
191 837 1
192 211 1
192 338 1
192 364 1
192 379 1
192 384 1
192 396 1
192 520 1
192 528 1
192 771 1
192 826 1
192 889 1
193 211 1
193 226 1
193 250 1
193 264 1
193 320 1
193 474 1
193 560 1
193 562 1
193 638 1
193 795 1
194 338 1
194 446 1
194 536 1
194 587 1
194 588 1
194 631 1
194 728 1
194 771 1
194 886 1
195 273 1
195 324 1
195 389 1
195 723 1
195 732 1
195 773 1
195 794 1
195 844 1
195 882 1
195 888 1
196 321 1
196 387 1
196 397 1
196 536 1
196 551 1
196 604 1
196 659 1
196 768 1
196 889 1
197 211 1
197 246 1
197 267 1
197 462 1
197 564 1
197 643 1
197 841 1
197 885 1
198 425 1
198 427 1
198 546 1
198 574 1
198 887 1
199 236 1
199 246 1
199 376 1
199 454 1
199 574 1
199 593 1
199 657 1
199 690 1
199 751 1
199 877 1
199 892 1
200 284 1
200 285 1
200 304 1
200 316 1
200 432 1
200 449 1
200 471 1
200 517 1
200 638 1
200 711 1
201 350 1
201 364 1
201 405 1
201 452 1
201 499 1
201 564 1
201 656 1
201 822 1
201 862 1
202 289 1
202 458 1
202 473 1
202 498 1
202 582 1
202 594 1
202 644 1
202 752 1
202 875 1
202 899 1
203 230 1
203 264 1
203 301 1
203 372 1
203 394 1
203 430 1
203 632 1
203 696 1
203 779 1
204 240 1
204 257 1
204 417 1
204 461 1
204 663 1
204 679 1
204 753 1
204 768 1
204 781 1
204 831 1
205 231 1
205 258 1
205 352 1
205 371 1
205 390 1
205 739 1
205 834 1
206 396 1
206 522 1
206 550 1
206 625 1
206 649 1
206 731 1
206 760 1
206 837 1
206 848 1
206 894 1
207 414 1
207 415 1
207 513 1
207 550 1
207 694 1
207 702 1
207 848 1
208 394 1
208 414 1
208 458 1
208 481 1
208 590 1
208 601 1
208 641 1
208 682 1
208 866 1
209 228 1
209 286 1
209 293 1
209 295 1
209 453 1
209 530 1
209 557 1
209 629 1
209 815 1
209 869 1
210 244 1
210 248 1
210 252 1
210 558 1
210 629 1
210 727 1
210 731 1
210 815 1
210 829 1
211 316 1
211 440 1
211 472 1
211 540 1
211 559 1
211 638 1
211 704 1
211 733 1
212 223 1
212 242 1
212 641 1
212 676 1
212 700 1
212 812 1
212 818 1
212 830 1
212 862 1
213 359 1
213 418 1
213 455 1
213 546 1
213 572 1
213 585 1
213 609 1
213 643 1
213 789 1
213 835 1
213 888 1
214 256 1
214 274 1
214 275 1
214 384 1
214 540 1
214 543 1
214 673 1
214 724 1
214 866 1
215 248 1
215 424 1
215 436 1
215 550 1
215 606 1
215 705 1
215 734 1
216 318 1
216 406 1
216 452 1
216 514 1
216 611 1
216 676 1
216 824 1
216 872 1
217 432 1
217 441 1
217 497 1
217 640 1
217 657 1
217 677 1
217 695 1
217 841 1
217 891 1
217 895 1
218 220 1
218 329 1
218 499 1
218 579 1
218 641 1
218 651 1
218 656 1
218 763 1
218 779 1
218 885 1
219 336 1
219 360 1
219 395 1
219 419 1
219 422 1
219 594 1
219 720 1
219 870 1
220 329 1
220 402 1
220 419 1
220 479 1
220 559 1
220 654 1
220 707 1
220 742 1
220 825 1
220 852 1
220 874 1
221 273 1
221 294 1
221 348 1
221 403 1
221 432 1
221 454 1
221 489 1
221 773 1
221 779 1
221 787 1
222 263 1
222 323 1
222 475 1
222 588 1
222 700 1
222 728 1
222 805 1
222 885 1
223 286 1
223 405 1
223 619 1
223 678 1
223 732 1
223 796 1
224 433 1
224 443 1
224 512 1
224 596 1
224 604 1
224 615 1
224 680 1
224 719 1
224 842 1
225 275 1
225 277 1
225 464 1
225 574 1
225 608 1
225 678 1
225 880 1
226 235 1
226 241 1
226 271 1
226 641 1
226 896 1
227 325 1
227 394 1
227 396 1
227 504 1
227 630 1
227 639 1
227 663 1
227 675 1
227 696 1
227 804 1
228 244 1
228 257 1
228 334 1
228 358 1
228 461 1
228 547 1
228 642 1
228 729 1
228 851 1
229 266 1
229 370 1
229 552 1
229 636 1
229 678 1
229 809 1
229 858 1
230 235 1
230 304 1
230 306 1
230 405 1
230 562 1
230 572 1
230 658 1
230 667 1
230 804 1
231 284 1
231 312 1
231 389 1
231 545 1
231 780 1
231 784 1
231 858 1
232 260 1
232 275 1
232 292 1
232 427 1
232 434 1
232 630 1
232 665 1
232 719 1
232 733 1
233 265 1
233 285 1
233 444 1
233 456 1
233 470 1
233 550 1
233 713 1
234 241 1
234 242 1
234 276 1
234 293 1
234 420 1
234 470 1
234 483 1
234 539 1
234 864 1
234 897 1
235 296 1
235 387 1
235 507 1
235 536 1
235 618 1
235 661 1
235 695 1
235 846 1
235 890 1
236 254 1
236 466 1
236 476 1
236 546 1
236 620 1
236 718 1
236 758 1
236 759 1
236 775 1
236 804 1
236 890 1
237 258 1
237 281 1
237 332 1
237 373 1
237 514 1
237 520 1
237 531 1
237 575 1
237 667 1
238 280 1
238 330 1
238 381 1
238 469 1
238 484 1
238 546 1
238 692 1
238 738 1
239 307 1
239 321 1
239 382 1
239 555 1
239 585 1
239 690 1
239 824 1
239 899 1
240 249 1
240 411 1
240 662 1
240 668 1
240 787 1
240 791 1
240 837 1
240 856 1
241 279 1
241 353 1
241 355 1
241 413 1
241 421 1
241 520 1
241 636 1
241 736 1
241 746 1
242 308 1
242 390 1
242 441 1
242 489 1
242 569 1
242 622 1
242 661 1
242 679 1
242 798 1
242 860 1
243 425 1
243 471 1
243 541 1
243 545 1
243 563 1
243 724 1
243 791 1
243 801 1
243 843 1
243 887 1
244 303 1
244 467 1
244 500 1
244 624 1
244 739 1
244 755 1
244 760 1
244 816 1
244 886 1
245 249 1
245 385 1
245 421 1
245 452 1
245 462 1
245 546 1
245 560 1
245 678 1
245 727 1
246 362 1
246 505 1
246 582 1
246 619 1
246 741 1
246 802 1
246 837 1
247 354 1
247 358 1
247 433 1
247 459 1
247 490 1
247 646 1
247 845 1
247 857 1
248 258 1
248 260 1
248 309 1
248 359 1
248 383 1
248 417 1
248 572 1
248 587 1
248 765 1
248 872 1
248 881 1
249 285 1
249 323 1
249 353 1
249 664 1
249 693 1
249 744 1
249 874 1
250 380 1
250 406 1
250 482 1
250 521 1
250 535 1
250 565 1
250 587 1
250 591 1
250 685 1
250 712 1
251 484 1
251 503 1
251 532 1
251 792 1
251 868 1
251 886 1
252 373 1
252 377 1
252 391 1
252 401 1
252 458 1
252 556 1
252 701 1
252 760 1
252 866 1
253 381 1
253 411 1
253 545 1
253 546 1
253 582 1
253 646 1
253 699 1
253 732 1
254 276 1
254 290 1
254 297 1
254 317 1
254 617 1
254 813 1
254 883 1
254 886 1
254 892 1
255 311 1
255 325 1
255 364 1
255 408 1
255 511 1
255 746 1
255 821 1
256 400 1
256 446 1
256 496 1
256 537 1
256 614 1
256 810 1
256 869 1
257 270 1
257 326 1
257 337 1
257 420 1
257 504 1
257 528 1
257 535 1
257 745 1
257 784 1
257 785 1
258 346 1
258 494 1
258 521 1
258 569 1
258 692 1
258 700 1
258 762 1
258 807 1
258 859 1
259 543 1
259 568 1
259 633 1
259 689 1
259 803 1
259 862 1
260 354 1
260 379 1
260 398 1
260 503 1
260 573 1
260 620 1
260 708 1
260 873 1
261 347 1
261 470 1
261 725 1
261 727 1
261 825 1
261 842 1
261 846 1
261 848 1
262 275 1
262 409 1
262 433 1
262 651 1
262 732 1
262 784 1
262 839 1
263 315 1
263 316 1
263 371 1
263 471 1
263 507 1
263 780 1
264 317 1
264 502 1
264 527 1
264 564 1
264 729 1
265 316 1
265 488 1
265 521 1
265 528 1
265 700 1
265 727 1
265 760 1
265 823 1
265 834 1
266 380 1
266 477 1
266 485 1
266 507 1
266 616 1
266 655 1
266 731 1
267 362 1
267 464 1
267 563 1
267 593 1
267 695 1
267 758 1
267 776 1
267 819 1
267 840 1
268 578 1
268 598 1
268 652 1
268 793 1
268 794 1
268 828 1
268 865 1
268 876 1
268 890 1
269 279 1
269 335 1
269 337 1
269 376 1
269 407 1
269 438 1
269 476 1
269 481 1
269 545 1
269 578 1
269 591 1
269 597 1
270 454 1
270 499 1
270 543 1
270 558 1
270 576 1
270 691 1
270 716 1
270 892 1
271 304 1
271 333 1
271 406 1
271 431 1
271 490 1
271 642 1
271 764 1
271 802 1
272 368 1
272 426 1
272 442 1
272 459 1
272 523 1
272 587 1
272 638 1
272 695 1
272 779 1
272 877 1
273 294 1
273 440 1
273 487 1
273 596 1
273 759 1
273 823 1
274 464 1
274 496 1
274 540 1
274 591 1
274 625 1
274 698 1
274 791 1
274 819 1
274 824 1
274 859 1
275 289 1
275 294 1
275 324 1
275 389 1
275 528 1
275 731 1
275 809 1
275 820 1
275 846 1
276 291 1
276 299 1
276 354 1
276 495 1
276 507 1
276 614 1
276 648 1
276 680 1
276 738 1
276 804 1
277 297 1
277 310 1
277 344 1
277 347 1
277 373 1
277 691 1
277 724 1
277 783 1
277 838 1
278 297 1
278 319 1
278 444 1
278 519 1
278 542 1
278 594 1
278 613 1
278 616 1
278 835 1
278 864 1
279 523 1
279 548 1
279 549 1
279 604 1
279 658 1
279 820 1
279 894 1
280 289 1
280 420 1
280 540 1
280 579 1
280 611 1
281 523 1
281 537 1
281 562 1
281 572 1
281 659 1
281 739 1
281 799 1
281 815 1
282 421 1
282 445 1
282 456 1
282 482 1
282 639 1
282 687 1
282 749 1
283 285 1
283 324 1
283 372 1
283 722 1
283 730 1
283 759 1
283 859 1
283 872 1
284 358 1
284 439 1
284 459 1
284 493 1
284 522 1
284 648 1
284 670 1
284 770 1
284 872 1
285 409 1
285 422 1
285 485 1
285 665 1
285 724 1
285 857 1
285 864 1
285 874 1
285 891 1
286 361 1
286 660 1
286 869 1
286 886 1
287 337 1
287 470 1
287 471 1
287 572 1
287 662 1
287 744 1
287 859 1
288 357 1
288 377 1
288 429 1
288 504 1
288 585 1
288 652 1
288 820 1
288 854 1
289 366 1
289 384 1
289 486 1
289 508 1
289 845 1
289 851 1
290 477 1
290 512 1
290 540 1
290 688 1
290 783 1
290 809 1
290 840 1
290 850 1
291 489 1
291 521 1
291 648 1
291 672 1
291 683 1
291 838 1
292 347 1
292 369 1
292 475 1
292 514 1
292 670 1
292 674 1
292 751 1
292 779 1
292 829 1
293 323 1
293 498 1
293 560 1
293 630 1
293 746 1
293 747 1
293 778 1
293 806 1
293 880 1
294 350 1
294 404 1
294 409 1
294 485 1
294 490 1
294 600 1
294 700 1
295 344 1
295 359 1
295 548 1
295 582 1
295 771 1
296 301 1
296 451 1
296 508 1
296 594 1
296 641 1
296 809 1
296 863 1
297 332 1
297 346 1
297 413 1
297 512 1
297 529 1
297 549 1
297 580 1
297 741 1
297 897 1
298 610 1
298 657 1
298 702 1
299 482 1
299 521 1
299 720 1
299 790 1
299 799 1
299 815 1
299 831 1
300 328 1
300 491 1
300 511 1
300 542 1
300 593 1
300 726 1
300 743 1
301 342 1
301 353 1
301 670 1
301 673 1
301 678 1
301 731 1
301 743 1
301 796 1
301 893 1
302 335 1
302 343 1
302 399 1
302 421 1
302 617 1
302 719 1
302 767 1
302 824 1
302 844 1
303 317 1
303 343 1
303 364 1
303 373 1
303 507 1
303 573 1
303 647 1
303 723 1
303 761 1
303 801 1
303 831 1
304 361 1
304 468 1
304 476 1
304 502 1
304 583 1
304 618 1
304 632 1
304 654 1
304 890 1
305 529 1
305 554 1
305 675 1
305 689 1
305 720 1
305 796 1
305 883 1
306 475 1
306 507 1
306 509 1
306 743 1
306 764 1
306 827 1
306 844 1
307 423 1
307 441 1
307 582 1
307 669 1
307 774 1
307 795 1
308 320 1
308 378 1
308 409 1
308 420 1
308 467 1
308 558 1
308 648 1
308 668 1
308 743 1
308 793 1
309 478 1
309 537 1
309 571 1
309 623 1
309 633 1
309 724 1
309 762 1
309 817 1
309 862 1
310 384 1
310 434 1
310 466 1
310 653 1
310 698 1
310 707 1
310 818 1
311 320 1
311 364 1
311 367 1
311 368 1
311 492 1
311 571 1
311 636 1
311 707 1
311 763 1
311 806 1
312 366 1
312 377 1
312 503 1
312 654 1
312 705 1
312 736 1
312 847 1
312 874 1
313 396 1
313 439 1
313 705 1
313 756 1
313 779 1
313 849 1
314 326 1
314 349 1
314 442 1
314 532 1
314 631 1
315 322 1
315 359 1
315 371 1
315 657 1
315 727 1
315 894 1
316 451 1
316 516 1
316 544 1
316 615 1
316 727 1
316 751 1
316 790 1
317 510 1
317 568 1
317 582 1
317 671 1
317 784 1
317 881 1
317 890 1
317 896 1
318 366 1
318 384 1
318 389 1
318 557 1
318 651 1
318 836 1
318 852 1
318 878 1
319 332 1
319 390 1
319 474 1
319 478 1
319 507 1
319 565 1
319 612 1
319 877 1
319 884 1
320 463 1
320 639 1
320 695 1
320 702 1
320 732 1
320 787 1
320 830 1
320 862 1
320 875 1
321 423 1
321 477 1
321 580 1
321 729 1
321 770 1
321 878 1
322 382 1
322 563 1
322 614 1
322 891 1
323 328 1
323 346 1
323 405 1
323 459 1
323 650 1
323 697 1
323 840 1
323 842 1
324 407 1
324 446 1
324 504 1
324 642 1
324 674 1
324 676 1
324 707 1
324 748 1
325 335 1
325 358 1
325 395 1
325 499 1
325 626 1
325 726 1
325 790 1
325 860 1
326 330 1
326 423 1
326 509 1
326 711 1
326 762 1
326 780 1
326 811 1
326 881 1
327 363 1
327 426 1
327 506 1
327 510 1
327 604 1
327 617 1
327 734 1
327 745 1
327 754 1
327 844 1
328 407 1
328 422 1
328 455 1
328 730 1
328 770 1
328 877 1
329 390 1
329 414 1
329 516 1
329 756 1
329 791 1
329 869 1
330 377 1
330 424 1
330 507 1
330 668 1
330 733 1
330 836 1
330 870 1
331 414 1
331 529 1
331 748 1
331 763 1
331 890 1
332 371 1
332 412 1
332 515 1
332 528 1
332 546 1
332 576 1
332 773 1
332 796 1
333 365 1
333 410 1
333 650 1
333 726 1
333 798 1
333 827 1
334 534 1
334 583 1
334 590 1
334 596 1
334 735 1
334 747 1
334 768 1
334 856 1
335 398 1
335 550 1
335 627 1
335 664 1
335 682 1
335 702 1
335 741 1
335 757 1
335 885 1
336 450 1
336 497 1
336 520 1
336 548 1
336 568 1
336 633 1
336 748 1
336 815 1
337 342 1
337 466 1
337 489 1
337 564 1
337 572 1
337 590 1
337 607 1
337 613 1
338 374 1
338 391 1
338 493 1
338 518 1
338 603 1
338 724 1
338 880 1
339 439 1
339 587 1
339 653 1
339 664 1
339 735 1
339 740 1
339 743 1
339 825 1
340 400 1
340 442 1
340 626 1
340 704 1
340 716 1
340 773 1
340 854 1
341 391 1
341 422 1
341 567 1
341 782 1
341 812 1
341 851 1
342 403 1
342 430 1
342 485 1
342 587 1
342 616 1
343 568 1
343 683 1
343 738 1
343 747 1
343 755 1
343 798 1
343 888 1
344 363 1
344 427 1
344 607 1
344 644 1
344 773 1
344 831 1
344 873 1
344 874 1
345 367 1
345 445 1
345 558 1
345 569 1
345 820 1
345 895 1
346 393 1
346 405 1
346 668 1
346 714 1
346 826 1
346 847 1
346 853 1
347 422 1
347 719 1
347 732 1
348 374 1
348 450 1
348 453 1
348 658 1
348 715 1
349 398 1
349 452 1
349 578 1
349 662 1
349 684 1
349 746 1
349 882 1
349 896 1
350 371 1
350 407 1
350 431 1
350 500 1
350 529 1
350 560 1
350 767 1
351 387 1
351 513 1
351 883 1
351 888 1
352 395 1
352 502 1
352 540 1
352 624 1
352 772 1
352 893 1
353 370 1
353 472 1
353 550 1
353 556 1
353 713 1
353 718 1
353 883 1
354 391 1
354 517 1
354 745 1
355 596 1
355 639 1
355 655 1
355 716 1
355 772 1
356 451 1
356 457 1
356 531 1
356 656 1
356 687 1
356 727 1
356 838 1
356 844 1
356 852 1
356 876 1
357 375 1
357 591 1
357 702 1
357 723 1
357 735 1
357 767 1
357 796 1
358 380 1
358 434 1
358 636 1
358 754 1
358 817 1
358 892 1
359 426 1
359 438 1
359 482 1
359 553 1
359 607 1
359 657 1
359 684 1
359 738 1
359 764 1
360 419 1
360 427 1
360 711 1
360 754 1
360 790 1
360 830 1
360 831 1
360 874 1
360 876 1
361 586 1
361 653 1
361 697 1
361 733 1
361 833 1
362 450 1
362 634 1
362 681 1
362 886 1
363 411 1
363 472 1
363 474 1
363 501 1
363 527 1
363 658 1
363 701 1
363 730 1
363 769 1
363 825 1
364 423 1
364 637 1
364 640 1
364 665 1
364 710 1
365 468 1
365 720 1
365 751 1
365 757 1
365 788 1
366 382 1
366 579 1
366 597 1
366 705 1
366 727 1
366 737 1
366 843 1
367 471 1
367 545 1
367 558 1
367 623 1
367 627 1
367 651 1
367 666 1
367 723 1
368 465 1
368 489 1
368 538 1
368 626 1
368 641 1
368 820 1
368 873 1
369 578 1
369 617 1
369 651 1
369 666 1
369 691 1
369 776 1
369 838 1
370 376 1
370 595 1
370 661 1
370 784 1
370 812 1
371 397 1
371 566 1
371 603 1
371 718 1
371 764 1
371 844 1
371 858 1
372 390 1
372 461 1
372 657 1
372 760 1
372 837 1
372 847 1
372 881 1
373 471 1
373 580 1
373 590 1
373 845 1
374 403 1
374 549 1
374 573 1
374 660 1
374 738 1
374 842 1
375 393 1
375 578 1
375 618 1
375 738 1
375 796 1
375 845 1
375 859 1
375 878 1
376 407 1
376 421 1
376 601 1
376 690 1
376 714 1
376 735 1
376 772 1
377 462 1
377 552 1
377 800 1
377 814 1
377 845 1
378 414 1
378 561 1
378 607 1
378 672 1
378 734 1
378 748 1
378 799 1
378 855 1
378 867 1
379 427 1
379 450 1
379 464 1
379 496 1
379 770 1
379 813 1
379 818 1
380 402 1
380 455 1
380 539 1
380 546 1
380 760 1
381 404 1
381 568 1
381 653 1
381 658 1
381 690 1
381 738 1
381 825 1
381 866 1
382 432 1
382 446 1
382 503 1
382 566 1
382 660 1
382 692 1
382 693 1
382 768 1
382 793 1
382 823 1
383 403 1
383 677 1
383 729 1
383 770 1
383 786 1
383 820 1
383 844 1
384 460 1
384 521 1
384 554 1
384 732 1
384 784 1
385 403 1
385 538 1
385 583 1
385 605 1
385 641 1
385 662 1
385 726 1
385 753 1
386 404 1
386 530 1
386 561 1
386 694 1
386 745 1
386 797 1
387 458 1
387 520 1
387 574 1
387 617 1
387 766 1
387 802 1
387 871 1
388 445 1
388 588 1
388 857 1
388 874 1
388 886 1
389 509 1
389 525 1
389 535 1
389 642 1
389 663 1
389 734 1
389 751 1
389 801 1
389 891 1
390 430 1
390 559 1
390 602 1
390 890 1
391 415 1
391 493 1
391 763 1
391 775 1
391 870 1
392 406 1
392 433 1
392 487 1
392 542 1
392 576 1
392 645 1
392 667 1
392 700 1
392 712 1
393 412 1
393 478 1
393 508 1
393 511 1
393 607 1
393 645 1
393 874 1
394 627 1
394 670 1
394 705 1
394 775 1
394 786 1
394 788 1
395 494 1
395 609 1
395 806 1
395 827 1
395 897 1
396 465 1
396 468 1
396 576 1
396 601 1
396 711 1
396 768 1
396 786 1
396 869 1
396 877 1
397 553 1
397 653 1
398 701 1
398 774 1
398 810 1
398 855 1
398 884 1
398 895 1
399 401 1
399 522 1
399 620 1
399 694 1
399 715 1
399 859 1
400 424 1
400 436 1
400 565 1
400 743 1
400 797 1
400 834 1
401 405 1
401 478 1
401 522 1
401 753 1
401 828 1
402 454 1
402 631 1
402 658 1
402 705 1
402 706 1
402 754 1
402 786 1
402 863 1
403 446 1
403 573 1
403 626 1
403 828 1
403 899 1
404 505 1
404 532 1
404 546 1
404 640 1
404 671 1
404 760 1
404 768 1
404 793 1
405 413 1
405 532 1
405 592 1
405 635 1
405 864 1
406 453 1
406 476 1
406 638 1
406 663 1
406 813 1
406 839 1
406 866 1
407 430 1
407 748 1
407 761 1
407 790 1
407 859 1
408 449 1
408 520 1
408 539 1
408 593 1
408 709 1
408 777 1
409 430 1
409 448 1
409 597 1
409 880 1
410 516 1
410 518 1
410 528 1
410 571 1
410 661 1
410 710 1
410 806 1
411 484 1
411 500 1
411 507 1
411 846 1
412 432 1
412 563 1
412 600 1
412 636 1
412 689 1
412 762 1
412 858 1
413 421 1
413 529 1
413 703 1
413 810 1
413 836 1
413 870 1
414 661 1
414 680 1
414 787 1
415 535 1
415 701 1
415 770 1
416 651 1
416 841 1
416 885 1
417 453 1
417 535 1
417 694 1
417 816 1
417 899 1
418 444 1
418 555 1
418 601 1
418 619 1
418 637 1
418 655 1
418 679 1
418 699 1
419 569 1
419 624 1
419 669 1
419 707 1
419 806 1
420 438 1
420 536 1
420 579 1
420 737 1
420 892 1
421 459 1
421 497 1
421 594 1
421 607 1
421 686 1
421 760 1
421 809 1
422 481 1
422 582 1
422 659 1
422 719 1
422 742 1
422 894 1
422 900 1
423 594 1
423 656 1
423 676 1
423 731 1
423 744 1
423 776 1
424 579 1
424 624 1
424 672 1
424 786 1
424 789 1
425 616 1
425 767 1
425 802 1
425 899 1
426 447 1
426 453 1
426 459 1
426 510 1
426 888 1
426 895 1
427 458 1
427 712 1
427 713 1
428 517 1
428 632 1
428 634 1
428 820 1
428 890 1
429 446 1
429 708 1
429 805 1
430 598 1
430 659 1
430 811 1
430 831 1
431 435 1
431 557 1
431 691 1
431 706 1
431 725 1
431 735 1
431 868 1
432 557 1
432 599 1
432 674 1
432 691 1
432 704 1
432 872 1
433 565 1
433 616 1
433 621 1
433 648 1
433 713 1
434 440 1
434 449 1
434 482 1
434 622 1
434 772 1
434 884 1
434 894 1
435 437 1
435 507 1
435 690 1
435 746 1
435 769 1
435 856 1
435 868 1
435 882 1
436 441 1
436 621 1
436 663 1
436 668 1
436 704 1
436 771 1
436 796 1
436 900 1
437 449 1
437 581 1
437 766 1
438 599 1
438 627 1
438 662 1
438 678 1
438 685 1
438 741 1
439 501 1
439 589 1
439 629 1
439 641 1
439 686 1
439 819 1
439 845 1
439 850 1
440 545 1
440 634 1
440 719 1
440 840 1
441 470 1
441 490 1
441 694 1
441 817 1
441 841 1
441 842 1
442 587 1
442 628 1
442 786 1
442 805 1
442 841 1
442 869 1
443 507 1
443 552 1
443 663 1
443 686 1
443 826 1
443 862 1
444 549 1
444 716 1
444 747 1
444 796 1
444 803 1
445 603 1
445 658 1
445 667 1
445 672 1
445 775 1
445 799 1
445 863 1
445 877 1
446 490 1
446 502 1
446 593 1
446 749 1
446 827 1
447 523 1
447 828 1
447 899 1
448 460 1
448 505 1
448 635 1
448 657 1
448 661 1
448 721 1
448 758 1
449 698 1
449 762 1
449 790 1
449 893 1
450 553 1
450 773 1
451 456 1
451 486 1
451 492 1
451 499 1
451 522 1
451 523 1
451 808 1
451 856 1
452 459 1
452 658 1
452 673 1
452 693 1
452 804 1
452 869 1
452 875 1
453 460 1
453 532 1
453 564 1
453 681 1
454 609 1
454 648 1
454 711 1
454 800 1
455 569 1
455 602 1
455 618 1
455 636 1
455 732 1
455 756 1
455 823 1
456 729 1
456 799 1
456 875 1
457 518 1
457 546 1
457 738 1
457 747 1
457 786 1
458 518 1
458 577 1
458 578 1
458 594 1
458 770 1
458 849 1
459 486 1
459 673 1
459 818 1
459 852 1
460 475 1
460 496 1
460 507 1
460 558 1
460 559 1
460 691 1
460 699 1
460 774 1
460 810 1
460 835 1
461 531 1
461 587 1
461 647 1
461 666 1
461 721 1
461 770 1
461 831 1
462 514 1
462 567 1
462 591 1
462 720 1
462 740 1
462 747 1
462 857 1
463 573 1
463 701 1
463 709 1
463 717 1
463 840 1
463 861 1
463 873 1
464 488 1
464 491 1
464 529 1
464 549 1
464 593 1
464 850 1
465 529 1
465 626 1
465 717 1
465 741 1
465 753 1
465 868 1
466 494 1
466 533 1
466 631 1
466 711 1
466 844 1
467 474 1
467 683 1
467 811 1
468 558 1
468 642 1
468 692 1
468 720 1
468 721 1
468 734 1
468 762 1
468 893 1
469 508 1
469 512 1
469 517 1
469 572 1
469 823 1
470 480 1
470 536 1
470 608 1
470 624 1
470 689 1
470 815 1
470 841 1
471 497 1
471 500 1
471 535 1
471 536 1
471 748 1
471 779 1
471 790 1
471 873 1
472 513 1
472 564 1
472 707 1
472 737 1
472 857 1
472 886 1
473 482 1
473 566 1
473 608 1
473 739 1
474 510 1
474 627 1
474 863 1
475 702 1
475 723 1
475 740 1
475 785 1
475 859 1
475 875 1
476 534 1
476 626 1
476 627 1
476 663 1
476 797 1
476 801 1
477 513 1
477 524 1
477 549 1
477 664 1
477 682 1
477 817 1
478 527 1
478 540 1
478 575 1
478 662 1
478 691 1
478 711 1
478 812 1
479 655 1
479 681 1
479 723 1
479 803 1
480 490 1
480 504 1
480 550 1
480 568 1
480 604 1
480 787 1
480 839 1
480 870 1
481 580 1
481 612 1
481 633 1
481 723 1
481 802 1
482 695 1
482 715 1
482 835 1
482 855 1
483 622 1
483 680 1
483 755 1
483 884 1
484 537 1
484 564 1
484 647 1
484 771 1
484 837 1
484 846 1
485 560 1
485 606 1
485 878 1
486 543 1
486 589 1
486 664 1
486 679 1
486 694 1
486 711 1
486 771 1
486 781 1
487 682 1
487 725 1
487 840 1
487 841 1
488 543 1
488 674 1
488 687 1
488 700 1
488 884 1
489 498 1
489 529 1
489 586 1
489 666 1
489 714 1
489 732 1
490 654 1
490 820 1
490 824 1
491 631 1
492 553 1
492 554 1
492 715 1
492 731 1
492 735 1
492 738 1
493 551 1
493 621 1
493 642 1
493 663 1
494 551 1
494 580 1
494 638 1
494 647 1
494 666 1
494 812 1
494 887 1
495 507 1
495 536 1
495 882 1
495 885 1
496 587 1
496 726 1
496 855 1
496 873 1
497 598 1
497 614 1
497 723 1
497 892 1
498 632 1
498 707 1
498 723 1
498 884 1
499 517 1
499 551 1
499 576 1
499 606 1
499 631 1
500 544 1
500 569 1
500 599 1
500 669 1
500 832 1
501 597 1
501 669 1
501 897 1
502 516 1
502 726 1
502 763 1
503 574 1
503 813 1
503 827 1
504 511 1
504 556 1
504 612 1
504 634 1
504 709 1
505 519 1
505 565 1
505 569 1
505 759 1
506 539 1
506 579 1
506 608 1
506 654 1
506 849 1
507 683 1
507 719 1
507 758 1
507 844 1
507 860 1
508 530 1
508 585 1
508 601 1
508 684 1
508 749 1
508 795 1
508 843 1
509 510 1
509 652 1
509 702 1
509 726 1
509 801 1
509 895 1
510 535 1
510 630 1
510 750 1
510 756 1
510 768 1
511 514 1
511 548 1
511 678 1
511 732 1
511 842 1
512 515 1
512 717 1
512 767 1
512 861 1
512 883 1
513 663 1
513 762 1
513 859 1
514 736 1
514 794 1
515 559 1
515 673 1
515 680 1
515 713 1
516 558 1
516 608 1
516 630 1
516 692 1
516 705 1
516 714 1
516 716 1
516 888 1
517 541 1
517 588 1
517 838 1
517 867 1
518 544 1
518 581 1
518 662 1
518 702 1
519 561 1
519 790 1
520 595 1
520 691 1
520 700 1
520 811 1
521 622 1
521 756 1
522 589 1
522 633 1
522 665 1
522 744 1
522 872 1
522 882 1
523 812 1
523 895 1
524 536 1
524 612 1
524 819 1
525 640 1
525 687 1
525 725 1
525 762 1
525 790 1
525 813 1
525 893 1
526 646 1
526 666 1
526 766 1
526 773 1
526 830 1
526 900 1
527 577 1
527 605 1
527 648 1
527 694 1
527 716 1
527 744 1
528 546 1
528 556 1
528 568 1
528 645 1
528 769 1
528 820 1
529 539 1
529 633 1
529 768 1
529 821 1
529 868 1
529 886 1
530 544 1
530 547 1
530 554 1
530 581 1
530 836 1
530 847 1
531 576 1
531 768 1
531 789 1
532 592 1
532 607 1
532 617 1
532 647 1
532 740 1
532 896 1
533 561 1
533 647 1
533 668 1
533 711 1
533 840 1
533 883 1
534 557 1
534 642 1
534 654 1
534 697 1
534 792 1
534 861 1
534 874 1
535 719 1
535 818 1
535 835 1
536 574 1
536 710 1
536 828 1
537 583 1
537 872 1
538 693 1
538 709 1
538 778 1
538 787 1
539 608 1
539 631 1
539 641 1
539 822 1
539 848 1
540 565 1
540 655 1
540 712 1
541 558 1
541 580 1
541 782 1
542 617 1
542 717 1
542 757 1
542 793 1
542 815 1
542 851 1
543 582 1
543 670 1
543 707 1
543 728 1
543 766 1
543 875 1
543 877 1
544 706 1
544 750 1
545 559 1
545 602 1
545 617 1
545 718 1
545 780 1
545 878 1
546 586 1
546 631 1
546 703 1
546 713 1
546 736 1
547 589 1
547 615 1
547 746 1
547 792 1
547 800 1
548 611 1
548 741 1
548 814 1
548 818 1
548 860 1
548 898 1
549 670 1
549 898 1
550 670 1
550 751 1
550 883 1
551 569 1
551 599 1
551 610 1
551 647 1
551 870 1
552 553 1
552 608 1
552 638 1
552 746 1
553 866 1
554 597 1
554 691 1
554 812 1
554 876 1
554 883 1
555 647 1
555 862 1
556 588 1
556 629 1
556 702 1
556 787 1
556 880 1
557 597 1
557 736 1
558 586 1
558 602 1
558 644 1
559 702 1
559 812 1
559 826 1
559 888 1
559 900 1
560 623 1
560 778 1
560 850 1
561 697 1
562 603 1
562 633 1
562 646 1
562 773 1
563 694 1
563 762 1
563 804 1
563 820 1
563 837 1
564 612 1
564 716 1
564 772 1
565 772 1
565 859 1
565 877 1
566 708 1
566 752 1
566 842 1
566 865 1
567 681 1
567 761 1
567 766 1
567 838 1
568 665 1
568 678 1
568 692 1
568 765 1
568 806 1
569 582 1
569 594 1
569 613 1
569 741 1
569 803 1
569 842 1
569 857 1
570 652 1
570 751 1
570 832 1
571 685 1
571 689 1
571 709 1
571 760 1
571 812 1
571 821 1
572 647 1
572 755 1
572 887 1
572 898 1
573 600 1
573 665 1
573 725 1
573 832 1
573 900 1
574 665 1
574 673 1
574 864 1
575 626 1
575 725 1
575 826 1
575 862 1
576 657 1
577 588 1
577 636 1
577 709 1
577 853 1
577 891 1
578 684 1
578 707 1
578 721 1
578 773 1
578 818 1
578 865 1
578 879 1
578 893 1
579 621 1
579 702 1
579 726 1
579 798 1
579 875 1
580 652 1
580 693 1
580 740 1
580 743 1
580 897 1
581 595 1
582 628 1
582 693 1
582 708 1
582 810 1
583 621 1
583 843 1
584 742 1
584 823 1
585 634 1
585 713 1
585 728 1
585 770 1
585 796 1
585 808 1
585 813 1
585 816 1
586 647 1
586 671 1
586 705 1
586 789 1
586 861 1
586 898 1
588 599 1
588 685 1
588 733 1
588 842 1
589 773 1
589 812 1
590 615 1
590 647 1
590 808 1
590 824 1
591 604 1
591 611 1
591 650 1
591 688 1
592 627 1
592 649 1
592 727 1
593 657 1
593 702 1
593 756 1
593 787 1
594 701 1
594 726 1
594 793 1
595 892 1
596 600 1
596 672 1
596 769 1
596 791 1
596 871 1
597 635 1
597 786 1
597 865 1
598 741 1
598 812 1
598 822 1
599 653 1
599 735 1
599 758 1
599 772 1
599 824 1
599 844 1
600 682 1
600 690 1
600 726 1
600 790 1
601 689 1
601 712 1
601 762 1
601 791 1
601 830 1
602 647 1
602 651 1
602 700 1
603 605 1
603 639 1
603 665 1
603 668 1
603 683 1
603 883 1
604 655 1
604 659 1
604 668 1
604 782 1
605 638 1
605 772 1
606 632 1
606 662 1
606 803 1
606 817 1
606 848 1
607 653 1
607 668 1
607 691 1
607 829 1
608 644 1
609 800 1
609 837 1
609 846 1
609 863 1
610 742 1
610 833 1
611 651 1
611 760 1
611 791 1
611 820 1
611 830 1
612 688 1
612 733 1
612 740 1
612 747 1
612 831 1
613 647 1
613 704 1
613 818 1
613 829 1
614 703 1
614 813 1
614 819 1
615 690 1
615 743 1
615 851 1
615 900 1
616 698 1
616 792 1
616 839 1
616 854 1
616 891 1
617 656 1
617 669 1
617 690 1
617 773 1
617 810 1
618 625 1
618 637 1
618 663 1
618 713 1
618 746 1
618 810 1
618 886 1
619 640 1
620 650 1
620 729 1
620 847 1
620 880 1
621 642 1
621 717 1
621 734 1
621 828 1
621 866 1
622 627 1
622 639 1
622 747 1
622 765 1
622 841 1
623 720 1
623 818 1
623 853 1
624 655 1
624 734 1
624 758 1
624 795 1
624 829 1
624 842 1
624 872 1
624 885 1
625 693 1
625 752 1
625 769 1
625 865 1
626 643 1
626 667 1
626 682 1
626 779 1
627 738 1
628 647 1
628 652 1
628 698 1
628 744 1
628 837 1
628 863 1
629 681 1
629 815 1
629 847 1
630 655 1
630 724 1
630 758 1
630 762 1
630 763 1
630 833 1
631 706 1
631 760 1
631 827 1
631 859 1
632 711 1
632 815 1
632 853 1
632 864 1
632 893 1
633 849 1
634 647 1
634 736 1
634 740 1
634 772 1
634 886 1
635 783 1
635 788 1
636 732 1
636 809 1
636 880 1
637 701 1
637 791 1
637 829 1
637 891 1
638 658 1
638 720 1
638 753 1
639 685 1
639 689 1
639 830 1
639 840 1
639 863 1
640 644 1
640 850 1
640 862 1
641 767 1
642 810 1
643 653 1
643 727 1
643 772 1
643 786 1
643 864 1
644 686 1
644 691 1
644 816 1
644 828 1
645 698 1
645 716 1
645 797 1
645 853 1
645 856 1
645 881 1
646 897 1
647 680 1
647 789 1
647 849 1
647 853 1
647 859 1
648 692 1
648 870 1
649 715 1
649 832 1
650 723 1
651 877 1
652 737 1
653 696 1
653 761 1
653 770 1
653 823 1
653 885 1
653 889 1
654 770 1
654 788 1
654 806 1
655 772 1
655 826 1
655 891 1
656 660 1
656 690 1
657 717 1
657 831 1
658 819 1
658 881 1
659 678 1
659 680 1
659 890 1
660 795 1
660 807 1
660 851 1
662 761 1
663 668 1
663 847 1
663 893 1
664 698 1
664 764 1
664 803 1
664 873 1
665 713 1
665 845 1
666 780 1
667 693 1
667 708 1
667 789 1
667 844 1
668 728 1
668 814 1
668 879 1
668 885 1
669 670 1
669 687 1
669 855 1
670 721 1
670 728 1
670 756 1
670 774 1
671 789 1
671 880 1
672 688 1
672 737 1
672 815 1
672 844 1
674 678 1
674 753 1
674 755 1
674 807 1
676 750 1
676 873 1
676 896 1
677 682 1
677 712 1
677 865 1
678 701 1
678 747 1
678 749 1
679 710 1
679 803 1
679 884 1
679 888 1
680 730 1
680 885 1
681 682 1
681 746 1
681 826 1
681 862 1
681 879 1
682 802 1
682 829 1
682 881 1
682 885 1
683 778 1
683 798 1
683 840 1
683 886 1
684 838 1
685 733 1
685 840 1
686 735 1
686 780 1
686 848 1
687 747 1
687 842 1
687 867 1
687 884 1
688 782 1
688 786 1
688 804 1
688 867 1
689 722 1
689 857 1
689 867 1
689 869 1
689 883 1
690 732 1
690 737 1
690 763 1
690 856 1
691 714 1
691 849 1
692 713 1
692 805 1
693 821 1
693 832 1
693 880 1
694 695 1
694 728 1
694 783 1
694 836 1
694 879 1
694 883 1
695 765 1
695 807 1
695 810 1
696 729 1
696 801 1
696 893 1
697 761 1
697 829 1
697 850 1
697 867 1
698 817 1
698 831 1
698 874 1
699 717 1
699 722 1
699 723 1
699 856 1
700 781 1
700 897 1
701 707 1
701 784 1
701 803 1
702 724 1
702 741 1
702 896 1
703 733 1
703 776 1
703 796 1
703 839 1
704 709 1
704 773 1
704 815 1
704 871 1
706 830 1
707 735 1
707 749 1
708 716 1
708 882 1
709 717 1
710 764 1
710 848 1
710 864 1
710 876 1
712 716 1
712 817 1
712 854 1
712 878 1
713 741 1
713 795 1
713 823 1
714 780 1
714 816 1
715 719 1
715 741 1
716 725 1
716 859 1
717 750 1
717 784 1
717 837 1
718 781 1
718 788 1
718 821 1
718 876 1
719 745 1
719 766 1
720 728 1
720 842 1
720 845 1
721 743 1
721 778 1
721 802 1
721 826 1
721 836 1
722 822 1
723 749 1
723 752 1
724 875 1
725 830 1
725 837 1
725 852 1
725 871 1
726 751 1
727 899 1
728 764 1
728 830 1
728 873 1
729 766 1
729 772 1
729 874 1
729 888 1
730 778 1
730 864 1
730 881 1
731 762 1
731 817 1
732 765 1
732 834 1
732 882 1
734 900 1
735 768 1
735 848 1
736 815 1
736 834 1
736 842 1
736 883 1
737 789 1
739 867 1
739 898 1
740 834 1
742 777 1
742 807 1
743 768 1
743 790 1
743 820 1
743 845 1
743 878 1
744 819 1
744 826 1
744 863 1
745 805 1
745 824 1
746 812 1
747 786 1
748 817 1
748 855 1
748 891 1
749 826 1
749 873 1
749 878 1
751 775 1
751 859 1
752 776 1
753 758 1
753 772 1
753 835 1
753 839 1
754 867 1
755 790 1
755 797 1
755 845 1
755 889 1
756 788 1
756 836 1
756 859 1
757 788 1
758 813 1
759 845 1
760 813 1
760 864 1
760 886 1
761 804 1
761 812 1
762 804 1
763 818 1
764 780 1
764 861 1
765 796 1
765 831 1
765 894 1
766 900 1
767 871 1
767 885 1
768 864 1
768 875 1
769 778 1
770 787 1
770 818 1
771 844 1
772 819 1
772 893 1
773 844 1
773 894 1
774 808 1
774 836 1
775 836 1
776 811 1
776 828 1
777 852 1
778 803 1
778 871 1
779 795 1
779 805 1
780 872 1
780 882 1
781 881 1
783 807 1
784 814 1
784 829 1
785 833 1
785 884 1
786 876 1
787 839 1
787 867 1
787 888 1
787 890 1
788 856 1
790 835 1
790 875 1
791 813 1
791 818 1
791 867 1
791 886 1
793 816 1
793 847 1
793 876 1
794 826 1
794 852 1
794 883 1
795 865 1
795 872 1
795 895 1
796 824 1
796 888 1
797 824 1
797 868 1
798 877 1
799 884 1
799 892 1
800 815 1
800 816 1
800 886 1
801 813 1
801 832 1
801 897 1
804 840 1
806 868 1
807 866 1
809 874 1
810 818 1
810 840 1
810 900 1
812 889 1
812 892 1
813 822 1
813 852 1
813 869 1
813 900 1
814 851 1
814 876 1
814 887 1
816 845 1
816 857 1
817 830 1
817 831 1
817 854 1
818 821 1
818 828 1
818 890 1
819 839 1
820 852 1
820 866 1
822 852 1
822 894 1
824 834 1
824 892 1
824 897 1
825 834 1
825 890 1
827 879 1
827 892 1
829 848 1
833 885 1
834 862 1
835 870 1
836 845 1
836 874 1
837 868 1
837 899 1
838 890 1
839 883 1
839 896 1
841 876 1
841 877 1
842 847 1
843 851 1
844 851 1
844 891 1
846 880 1
847 880 1
847 887 1
848 895 1
849 884 1
852 883 1
852 897 1
853 886 1
854 893 1
857 882 1
865 867 1
865 877 1
867 870 1
868 891 1
869 881 1
875 895 1
876 893 1
879 900 1
880 900 1
881 895 1
894 900 1
896 898 1
