1000 6368 
1 41 1
1 124 1
1 182 1
1 360 1
1 373 1
1 380 1
1 513 1
1 521 1
1 574 1
1 685 1
1 694 1
1 757 1
1 768 1
1 806 1
1 831 1
1 883 1
1 895 1
1 923 1
2 35 1
2 159 1
2 259 1
2 284 1
2 384 1
2 393 1
2 474 1
2 543 1
2 630 1
2 648 1
2 656 1
2 693 1
2 715 1
2 766 1
2 858 1
2 863 1
2 916 1
3 70 1
3 154 1
3 185 1
3 245 1
3 285 1
3 306 1
3 407 1
3 503 1
3 549 1
3 556 1
3 729 1
3 776 1
3 788 1
4 69 1
4 159 1
4 268 1
4 309 1
4 510 1
4 623 1
4 650 1
4 664 1
4 703 1
4 851 1
4 897 1
4 911 1
4 950 1
4 956 1
4 990 1
5 38 1
5 134 1
5 203 1
5 232 1
5 237 1
5 253 1
5 300 1
5 345 1
5 362 1
5 440 1
5 444 1
5 463 1
5 569 1
5 593 1
5 711 1
5 867 1
5 930 1
5 974 1
5 980 1
6 115 1
6 255 1
6 269 1
6 492 1
6 494 1
6 502 1
6 599 1
6 679 1
6 764 1
6 789 1
6 813 1
6 832 1
6 868 1
6 973 1
7 17 1
7 75 1
7 149 1
7 162 1
7 212 1
7 216 1
7 232 1
7 241 1
7 257 1
7 307 1
7 589 1
7 602 1
7 621 1
7 740 1
7 929 1
7 966 1
7 992 1
8 157 1
8 208 1
8 357 1
8 360 1
8 446 1
8 464 1
8 569 1
8 625 1
8 980 1
9 178 1
9 231 1
9 449 1
9 556 1
9 588 1
9 644 1
9 669 1
9 834 1
9 934 1
10 133 1
10 134 1
10 174 1
10 193 1
10 296 1
10 339 1
10 424 1
10 494 1
10 519 1
10 580 1
10 614 1
10 633 1
10 727 1
10 782 1
10 904 1
11 64 1
11 194 1
11 231 1
11 299 1
11 330 1
11 365 1
11 553 1
11 639 1
11 688 1
11 741 1
11 779 1
11 801 1
11 886 1
11 915 1
11 929 1
12 426 1
12 481 1
12 483 1
12 779 1
12 845 1
12 886 1
13 164 1
13 233 1
13 313 1
13 343 1
13 501 1
13 556 1
13 585 1
13 803 1
13 822 1
13 881 1
13 933 1
13 979 1
14 43 1
14 199 1
14 277 1
14 304 1
14 464 1
14 478 1
14 627 1
14 641 1
14 715 1
14 777 1
14 793 1
14 882 1
15 191 1
15 263 1
15 442 1
15 477 1
15 514 1
15 623 1
15 787 1
15 861 1
15 947 1
15 970 1
16 81 1
16 367 1
16 406 1
16 431 1
16 481 1
16 523 1
16 586 1
16 620 1
16 997 1
17 137 1
17 144 1
17 228 1
17 287 1
17 303 1
17 345 1
17 393 1
17 478 1
17 714 1
17 794 1
18 59 1
18 98 1
18 101 1
18 148 1
18 292 1
18 397 1
18 412 1
18 413 1
18 567 1
18 600 1
18 618 1
18 826 1
18 897 1
18 927 1
19 124 1
19 186 1
19 255 1
19 286 1
19 342 1
19 407 1
19 425 1
19 524 1
19 648 1
19 961 1
20 225 1
20 232 1
20 242 1
20 321 1
20 384 1
20 431 1
20 499 1
20 510 1
20 731 1
20 770 1
20 940 1
20 951 1
20 990 1
21 69 1
21 129 1
21 216 1
21 271 1
21 302 1
21 428 1
21 456 1
21 564 1
21 579 1
21 623 1
21 731 1
21 781 1
21 798 1
21 839 1
21 935 1
21 950 1
21 952 1
21 986 1
22 84 1
22 136 1
22 168 1
22 180 1
22 302 1
22 362 1
22 524 1
22 576 1
22 661 1
23 123 1
23 144 1
23 219 1
23 529 1
23 548 1
23 559 1
23 577 1
23 619 1
23 754 1
23 759 1
23 872 1
23 953 1
24 176 1
24 241 1
24 264 1
24 298 1
24 315 1
24 361 1
24 374 1
24 381 1
24 485 1
24 517 1
24 592 1
24 610 1
24 622 1
24 662 1
24 674 1
24 732 1
24 777 1
24 817 1
25 70 1
25 228 1
25 250 1
25 340 1
25 383 1
25 456 1
25 486 1
25 497 1
25 592 1
25 604 1
25 807 1
25 863 1
26 78 1
26 178 1
26 180 1
26 268 1
26 345 1
26 480 1
26 520 1
26 578 1
26 661 1
26 753 1
26 918 1
26 928 1
27 86 1
27 88 1
27 214 1
27 259 1
27 280 1
27 399 1
27 418 1
27 578 1
27 611 1
27 806 1
27 821 1
28 109 1
28 233 1
28 338 1
28 500 1
28 508 1
28 633 1
28 829 1
28 888 1
28 980 1
29 41 1
29 137 1
29 224 1
29 305 1
29 319 1
29 396 1
29 506 1
29 516 1
29 644 1
29 701 1
29 779 1
29 787 1
29 958 1
30 151 1
30 276 1
30 300 1
30 305 1
30 335 1
30 394 1
30 495 1
30 507 1
30 533 1
30 706 1
30 798 1
30 993 1
31 94 1
31 117 1
31 238 1
31 244 1
31 663 1
31 680 1
31 752 1
31 797 1
31 810 1
31 884 1
31 917 1
31 923 1
31 985 1
32 62 1
32 96 1
32 383 1
32 588 1
32 611 1
32 671 1
32 875 1
32 892 1
32 913 1
32 947 1
33 44 1
33 189 1
33 289 1
33 374 1
33 425 1
33 497 1
33 559 1
33 640 1
33 681 1
33 695 1
34 47 1
34 83 1
34 128 1
34 186 1
34 315 1
34 359 1
34 461 1
34 510 1
34 515 1
34 661 1
34 747 1
34 795 1
34 805 1
34 845 1
34 873 1
34 949 1
34 984 1
34 988 1
35 36 1
35 71 1
35 229 1
35 273 1
35 328 1
35 483 1
35 593 1
35 665 1
35 863 1
36 149 1
36 270 1
36 336 1
36 357 1
36 406 1
36 490 1
36 523 1
36 642 1
36 746 1
36 903 1
36 926 1
37 83 1
37 126 1
37 131 1
37 304 1
37 532 1
37 576 1
37 634 1
37 710 1
37 763 1
37 962 1
38 62 1
38 100 1
38 120 1
38 138 1
38 149 1
38 164 1
38 251 1
38 314 1
38 639 1
38 644 1
38 655 1
38 775 1
38 912 1
38 935 1
39 133 1
39 167 1
39 246 1
39 312 1
39 326 1
39 329 1
39 416 1
39 585 1
39 691 1
39 787 1
39 830 1
39 844 1
39 872 1
40 88 1
40 110 1
40 161 1
40 165 1
40 286 1
40 347 1
40 355 1
40 434 1
40 573 1
40 655 1
40 777 1
40 893 1
41 50 1
41 172 1
41 195 1
41 225 1
41 363 1
41 437 1
41 534 1
41 535 1
41 638 1
41 644 1
42 72 1
42 84 1
42 142 1
42 198 1
42 320 1
42 376 1
42 475 1
42 496 1
42 524 1
42 573 1
42 592 1
42 781 1
42 867 1
42 869 1
43 85 1
43 95 1
43 317 1
43 353 1
43 376 1
43 463 1
43 518 1
43 583 1
43 596 1
43 659 1
43 809 1
43 994 1
44 69 1
44 165 1
44 248 1
44 394 1
44 523 1
44 590 1
44 620 1
44 720 1
44 850 1
44 868 1
44 910 1
45 111 1
45 117 1
45 211 1
45 288 1
45 552 1
45 645 1
45 664 1
45 829 1
45 950 1
46 201 1
46 237 1
46 242 1
46 255 1
46 261 1
46 376 1
46 443 1
46 455 1
46 469 1
46 617 1
46 648 1
46 670 1
46 681 1
46 787 1
46 874 1
46 896 1
46 956 1
47 53 1
47 123 1
47 228 1
47 354 1
47 399 1
47 406 1
47 735 1
47 767 1
47 773 1
47 871 1
48 196 1
48 287 1
48 308 1
48 506 1
48 556 1
48 618 1
48 671 1
48 674 1
48 736 1
48 773 1
48 780 1
48 787 1
48 803 1
48 850 1
48 887 1
48 976 1
49 75 1
49 179 1
49 187 1
49 319 1
49 410 1
49 448 1
49 518 1
49 540 1
49 723 1
49 729 1
49 779 1
49 905 1
49 967 1
50 71 1
50 172 1
50 337 1
50 393 1
50 405 1
50 469 1
50 483 1
50 502 1
50 576 1
50 666 1
50 697 1
50 698 1
50 727 1
50 760 1
50 838 1
50 861 1
50 1000 1
51 224 1
51 287 1
51 301 1
51 362 1
51 374 1
51 442 1
51 456 1
51 463 1
51 509 1
51 595 1
51 720 1
51 790 1
51 826 1
51 861 1
52 120 1
52 250 1
52 315 1
52 323 1
52 369 1
52 471 1
52 630 1
52 822 1
52 830 1
52 984 1
53 94 1
53 135 1
53 192 1
53 233 1
53 379 1
53 489 1
53 677 1
53 722 1
53 790 1
54 122 1
54 141 1
54 202 1
54 219 1
54 297 1
54 334 1
54 336 1
54 489 1
54 575 1
54 612 1
54 656 1
54 702 1
55 83 1
55 120 1
55 179 1
55 222 1
55 321 1
55 419 1
55 441 1
55 528 1
55 563 1
55 581 1
55 772 1
55 777 1
55 912 1
55 919 1
56 201 1
56 296 1
56 419 1
56 467 1
56 481 1
56 582 1
57 230 1
57 377 1
57 387 1
57 534 1
57 563 1
57 639 1
57 711 1
57 719 1
57 725 1
57 769 1
57 801 1
57 839 1
57 891 1
57 903 1
57 942 1
58 87 1
58 153 1
58 180 1
58 401 1
58 444 1
58 446 1
58 450 1
58 568 1
58 609 1
58 659 1
58 780 1
59 65 1
59 70 1
59 118 1
59 483 1
59 580 1
59 668 1
59 814 1
59 870 1
59 948 1
59 987 1
60 190 1
60 215 1
60 240 1
60 245 1
60 346 1
60 459 1
60 547 1
60 800 1
60 809 1
60 892 1
61 184 1
61 349 1
61 575 1
61 577 1
61 593 1
61 697 1
61 740 1
61 807 1
61 836 1
61 851 1
61 866 1
61 880 1
61 887 1
61 926 1
61 943 1
61 977 1
61 1000 1
62 76 1
62 135 1
62 196 1
62 274 1
62 316 1
62 329 1
62 342 1
62 370 1
62 383 1
62 630 1
62 713 1
62 738 1
62 768 1
62 891 1
63 74 1
63 296 1
63 321 1
63 832 1
63 918 1
63 928 1
64 152 1
64 188 1
64 285 1
64 331 1
64 366 1
64 452 1
64 520 1
64 524 1
64 526 1
64 528 1
64 590 1
64 593 1
64 622 1
64 641 1
64 728 1
64 750 1
64 862 1
65 267 1
65 289 1
65 402 1
65 430 1
65 470 1
65 533 1
65 548 1
65 705 1
65 751 1
66 78 1
66 81 1
66 211 1
66 257 1
66 397 1
66 528 1
66 532 1
66 541 1
66 670 1
66 726 1
66 806 1
66 887 1
66 963 1
67 218 1
67 338 1
67 407 1
67 459 1
67 484 1
67 552 1
67 592 1
67 628 1
67 657 1
67 672 1
67 885 1
67 947 1
68 88 1
68 137 1
68 254 1
68 291 1
68 533 1
68 585 1
68 641 1
68 698 1
68 771 1
68 772 1
68 834 1
68 870 1
68 889 1
68 990 1
69 116 1
69 195 1
69 241 1
69 254 1
69 323 1
69 388 1
69 445 1
69 468 1
69 483 1
69 667 1
69 707 1
69 750 1
69 778 1
69 832 1
69 848 1
69 855 1
69 893 1
69 971 1
69 1000 1
70 97 1
70 111 1
70 197 1
70 389 1
70 398 1
70 432 1
70 438 1
70 518 1
70 532 1
70 534 1
70 538 1
70 544 1
70 548 1
70 725 1
70 895 1
70 945 1
71 90 1
71 114 1
71 163 1
71 265 1
71 322 1
71 335 1
71 372 1
71 390 1
71 395 1
71 483 1
71 524 1
71 535 1
71 586 1
71 703 1
71 787 1
71 819 1
71 869 1
71 903 1
71 911 1
72 179 1
72 216 1
72 263 1
72 273 1
72 393 1
72 457 1
72 663 1
72 683 1
72 793 1
73 84 1
73 109 1
73 173 1
73 212 1
73 270 1
73 336 1
73 446 1
73 539 1
73 737 1
73 822 1
73 997 1
74 131 1
74 171 1
74 195 1
74 361 1
74 425 1
74 549 1
74 579 1
74 696 1
74 743 1
74 917 1
74 919 1
74 942 1
74 981 1
75 116 1
75 176 1
75 304 1
75 365 1
75 387 1
75 448 1
75 485 1
75 537 1
75 627 1
75 678 1
75 876 1
75 877 1
75 933 1
75 971 1
76 193 1
76 228 1
76 252 1
76 298 1
76 416 1
76 601 1
76 706 1
76 747 1
76 794 1
77 176 1
77 218 1
77 316 1
77 489 1
77 637 1
77 695 1
77 733 1
77 801 1
77 849 1
77 881 1
77 983 1
78 209 1
78 216 1
78 247 1
78 279 1
78 299 1
78 462 1
78 915 1
79 134 1
79 404 1
79 634 1
79 686 1
79 688 1
79 853 1
80 103 1
80 183 1
80 349 1
80 371 1
80 382 1
80 477 1
80 497 1
80 557 1
80 580 1
80 634 1
80 695 1
80 840 1
80 879 1
80 907 1
80 951 1
81 234 1
81 293 1
81 335 1
81 372 1
81 389 1
81 489 1
81 537 1
81 547 1
81 749 1
81 758 1
81 765 1
81 971 1
82 119 1
82 246 1
82 690 1
82 701 1
82 892 1
82 907 1
82 920 1
83 143 1
83 168 1
83 255 1
83 403 1
83 498 1
83 505 1
83 624 1
83 638 1
83 688 1
83 788 1
83 827 1
83 897 1
83 909 1
83 987 1
84 213 1
84 247 1
84 275 1
84 334 1
84 397 1
84 435 1
84 436 1
84 699 1
84 804 1
84 843 1
84 872 1
85 87 1
85 225 1
85 278 1
85 283 1
85 288 1
85 379 1
85 433 1
85 539 1
85 603 1
85 784 1
85 836 1
85 892 1
85 948 1
85 952 1
86 157 1
86 158 1
86 219 1
86 269 1
86 287 1
86 386 1
86 457 1
86 471 1
86 500 1
86 516 1
86 556 1
86 628 1
86 654 1
86 710 1
86 726 1
86 888 1
86 897 1
86 980 1
86 995 1
87 165 1
87 167 1
87 401 1
87 411 1
87 517 1
87 533 1
87 538 1
87 578 1
87 653 1
87 723 1
87 779 1
87 781 1
87 955 1
88 163 1
88 275 1
88 346 1
88 359 1
88 458 1
88 621 1
88 866 1
88 946 1
89 180 1
89 287 1
89 318 1
89 406 1
89 443 1
89 500 1
89 763 1
89 862 1
89 958 1
90 107 1
90 300 1
90 362 1
90 426 1
90 531 1
90 570 1
90 582 1
90 682 1
90 707 1
90 743 1
90 756 1
90 883 1
91 109 1
91 115 1
91 146 1
91 266 1
91 282 1
91 332 1
91 353 1
91 366 1
91 437 1
91 640 1
91 650 1
91 664 1
91 756 1
91 856 1
91 881 1
91 883 1
91 959 1
92 108 1
92 138 1
92 209 1
92 212 1
92 219 1
92 249 1
92 455 1
92 507 1
92 536 1
92 599 1
92 836 1
92 883 1
92 956 1
92 975 1
93 118 1
93 177 1
93 340 1
93 418 1
93 475 1
93 480 1
93 526 1
93 594 1
93 612 1
93 786 1
93 815 1
94 163 1
94 303 1
94 349 1
94 487 1
94 707 1
95 100 1
95 179 1
95 286 1
95 291 1
95 335 1
95 340 1
95 384 1
95 487 1
95 511 1
95 669 1
95 775 1
95 781 1
96 325 1
96 348 1
96 601 1
96 689 1
96 760 1
96 766 1
96 979 1
97 213 1
97 345 1
97 376 1
97 457 1
97 617 1
97 662 1
97 682 1
97 728 1
97 788 1
97 972 1
97 985 1
98 122 1
98 129 1
98 183 1
98 236 1
98 282 1
98 435 1
98 452 1
98 519 1
98 583 1
98 673 1
98 687 1
98 710 1
98 759 1
98 821 1
98 835 1
98 942 1
99 119 1
99 209 1
99 281 1
99 358 1
99 380 1
99 461 1
99 480 1
99 745 1
99 754 1
99 884 1
99 904 1
99 956 1
100 167 1
100 189 1
100 214 1
100 241 1
100 251 1
100 256 1
100 266 1
100 343 1
100 370 1
100 564 1
100 674 1
100 922 1
100 931 1
100 938 1
101 110 1
101 133 1
101 187 1
101 194 1
101 620 1
101 670 1
101 698 1
101 715 1
101 845 1
102 186 1
102 488 1
102 493 1
102 513 1
102 542 1
102 554 1
102 573 1
103 266 1
103 350 1
103 494 1
103 537 1
103 597 1
103 602 1
103 621 1
103 805 1
103 874 1
103 958 1
104 296 1
104 314 1
104 334 1
104 501 1
104 513 1
104 531 1
104 553 1
104 587 1
104 706 1
104 735 1
104 755 1
104 803 1
105 155 1
105 389 1
105 524 1
105 526 1
105 570 1
105 594 1
105 636 1
105 841 1
105 868 1
105 969 1
106 163 1
106 195 1
106 206 1
106 267 1
106 371 1
106 420 1
106 488 1
106 499 1
106 534 1
106 636 1
106 676 1
106 702 1
106 714 1
106 721 1
106 722 1
106 825 1
106 928 1
107 162 1
107 184 1
107 200 1
107 252 1
107 380 1
107 467 1
107 576 1
107 609 1
107 664 1
107 769 1
107 785 1
107 931 1
108 132 1
108 180 1
108 332 1
108 377 1
108 408 1
108 510 1
108 549 1
108 716 1
108 749 1
108 987 1
109 119 1
109 217 1
109 245 1
109 255 1
109 290 1
109 502 1
109 637 1
109 672 1
109 674 1
109 680 1
109 725 1
109 819 1
109 846 1
110 232 1
110 250 1
110 274 1
110 285 1
110 312 1
110 321 1
110 370 1
110 410 1
110 684 1
110 870 1
110 874 1
110 884 1
111 168 1
111 181 1
111 215 1
111 280 1
111 330 1
111 363 1
111 563 1
111 618 1
111 737 1
111 757 1
112 169 1
112 262 1
112 306 1
112 355 1
112 391 1
112 525 1
112 544 1
112 667 1
112 782 1
112 797 1
112 819 1
112 837 1
112 865 1
112 914 1
113 127 1
113 182 1
113 386 1
113 562 1
113 625 1
113 646 1
113 783 1
113 785 1
113 813 1
113 983 1
113 990 1
114 377 1
114 422 1
114 440 1
114 485 1
114 548 1
114 555 1
114 650 1
114 660 1
114 742 1
114 846 1
114 859 1
114 958 1
115 129 1
115 170 1
115 242 1
115 285 1
115 299 1
115 330 1
115 439 1
115 808 1
115 851 1
115 891 1
115 915 1
116 260 1
116 307 1
116 397 1
116 430 1
116 646 1
116 761 1
117 121 1
117 178 1
117 193 1
117 240 1
117 336 1
117 519 1
117 583 1
117 610 1
117 621 1
117 679 1
117 795 1
117 823 1
117 901 1
117 908 1
117 979 1
117 983 1
118 142 1
118 258 1
118 276 1
118 293 1
118 374 1
118 432 1
118 489 1
118 491 1
118 507 1
118 549 1
118 591 1
118 792 1
118 999 1
119 153 1
119 230 1
119 326 1
119 356 1
119 740 1
119 799 1
119 864 1
119 901 1
119 959 1
120 159 1
120 173 1
120 374 1
120 394 1
120 486 1
120 584 1
120 635 1
120 678 1
120 760 1
120 855 1
120 906 1
120 949 1
120 950 1
121 415 1
121 434 1
121 448 1
121 517 1
121 598 1
121 664 1
121 726 1
121 838 1
121 959 1
122 370 1
122 607 1
123 198 1
123 248 1
123 389 1
123 490 1
123 526 1
123 544 1
123 598 1
123 662 1
123 842 1
123 962 1
124 214 1
124 273 1
124 275 1
124 308 1
124 465 1
124 512 1
124 579 1
124 589 1
124 629 1
124 742 1
124 757 1
124 819 1
124 828 1
124 943 1
124 963 1
124 964 1
125 156 1
125 253 1
125 272 1
125 377 1
125 405 1
125 455 1
125 466 1
125 492 1
125 521 1
125 540 1
125 545 1
125 562 1
125 778 1
125 795 1
125 801 1
125 896 1
125 942 1
125 972 1
126 274 1
126 400 1
126 716 1
126 748 1
126 757 1
126 765 1
126 839 1
126 869 1
127 151 1
127 233 1
127 345 1
127 435 1
127 534 1
127 584 1
127 638 1
127 707 1
127 768 1
127 879 1
127 986 1
127 995 1
128 152 1
128 226 1
128 253 1
128 259 1
128 263 1
128 283 1
128 417 1
128 516 1
128 518 1
128 573 1
128 612 1
128 643 1
128 676 1
128 780 1
128 792 1
128 829 1
128 871 1
129 379 1
129 388 1
129 413 1
129 443 1
129 462 1
129 473 1
129 507 1
129 602 1
129 690 1
129 823 1
129 877 1
130 218 1
130 404 1
130 442 1
130 477 1
130 478 1
130 522 1
130 855 1
130 902 1
130 915 1
130 917 1
131 178 1
131 258 1
131 533 1
131 616 1
131 704 1
131 806 1
132 425 1
132 429 1
132 447 1
132 449 1
132 473 1
132 476 1
132 607 1
132 641 1
132 676 1
132 691 1
132 711 1
132 737 1
132 784 1
133 157 1
133 160 1
133 343 1
133 351 1
133 412 1
133 439 1
133 563 1
133 598 1
133 901 1
133 940 1
133 999 1
134 158 1
134 212 1
134 214 1
134 285 1
134 392 1
134 405 1
134 504 1
134 533 1
134 588 1
134 998 1
135 147 1
135 176 1
135 205 1
135 243 1
135 279 1
135 302 1
135 315 1
135 332 1
135 349 1
135 461 1
135 800 1
135 839 1
135 841 1
135 884 1
135 918 1
135 984 1
136 259 1
136 314 1
136 319 1
136 334 1
136 343 1
136 384 1
136 559 1
136 605 1
136 616 1
136 649 1
136 783 1
136 793 1
136 794 1
137 206 1
137 311 1
137 417 1
137 422 1
137 429 1
137 456 1
137 472 1
137 477 1
137 566 1
137 707 1
137 792 1
137 820 1
137 864 1
137 936 1
137 971 1
138 263 1
138 347 1
138 385 1
138 388 1
138 404 1
138 424 1
138 527 1
138 656 1
138 750 1
138 807 1
138 825 1
138 847 1
138 959 1
138 974 1
139 140 1
139 150 1
139 243 1
139 456 1
139 543 1
139 710 1
139 921 1
139 950 1
140 189 1
140 293 1
140 303 1
140 440 1
140 448 1
140 470 1
140 698 1
140 790 1
140 880 1
140 889 1
140 945 1
141 164 1
141 534 1
141 538 1
141 616 1
141 732 1
141 978 1
142 171 1
142 283 1
142 291 1
142 317 1
142 354 1
142 435 1
142 517 1
142 538 1
142 546 1
142 574 1
142 691 1
142 761 1
142 802 1
142 822 1
142 873 1
142 910 1
142 948 1
143 342 1
143 344 1
143 398 1
143 496 1
143 516 1
143 524 1
143 554 1
143 607 1
143 641 1
143 697 1
143 755 1
143 768 1
143 831 1
143 855 1
143 869 1
143 890 1
144 273 1
144 331 1
144 427 1
144 485 1
144 500 1
144 653 1
144 658 1
144 690 1
144 750 1
144 972 1
145 159 1
145 168 1
145 272 1
145 336 1
145 700 1
145 942 1
146 168 1
146 197 1
146 468 1
146 502 1
146 503 1
146 627 1
146 686 1
146 839 1
146 868 1
146 886 1
146 923 1
146 936 1
147 348 1
147 444 1
147 471 1
147 494 1
147 683 1
147 762 1
147 777 1
147 805 1
147 829 1
148 221 1
148 226 1
148 341 1
148 686 1
148 731 1
148 749 1
149 234 1
149 253 1
149 262 1
149 330 1
149 333 1
149 712 1
149 718 1
149 834 1
149 846 1
149 871 1
149 976 1
150 306 1
150 455 1
150 502 1
150 531 1
150 627 1
150 668 1
150 671 1
150 818 1
150 863 1
150 974 1
150 976 1
151 159 1
151 263 1
151 387 1
151 415 1
151 481 1
151 497 1
151 598 1
151 659 1
151 758 1
151 801 1
151 846 1
151 859 1
151 880 1
152 225 1
152 380 1
152 440 1
152 496 1
152 563 1
152 613 1
152 664 1
152 726 1
152 730 1
152 734 1
152 838 1
152 888 1
152 895 1
152 907 1
153 264 1
153 269 1
153 486 1
153 496 1
153 546 1
153 567 1
153 763 1
153 812 1
153 903 1
153 943 1
154 155 1
154 169 1
154 195 1
154 244 1
154 247 1
154 357 1
154 408 1
154 427 1
154 493 1
154 548 1
154 591 1
154 626 1
154 660 1
154 666 1
154 806 1
154 824 1
154 876 1
154 883 1
154 933 1
154 980 1
154 982 1
154 991 1
155 182 1
155 211 1
155 285 1
155 311 1
155 465 1
155 618 1
155 623 1
155 748 1
155 800 1
155 888 1
155 895 1
155 981 1
156 288 1
156 416 1
156 442 1
156 552 1
156 640 1
156 653 1
156 734 1
156 833 1
156 880 1
156 941 1
156 965 1
157 222 1
157 225 1
157 378 1
157 437 1
157 454 1
157 563 1
157 604 1
157 651 1
157 896 1
157 943 1
157 995 1
158 238 1
158 270 1
158 287 1
158 470 1
158 500 1
158 520 1
158 523 1
158 589 1
158 597 1
158 673 1
158 810 1
158 825 1
158 849 1
159 217 1
159 224 1
159 241 1
159 286 1
159 538 1
159 717 1
159 781 1
159 801 1
159 945 1
159 956 1
159 977 1
160 252 1
160 405 1
160 487 1
160 554 1
160 592 1
160 619 1
160 896 1
160 933 1
161 181 1
161 372 1
161 528 1
161 575 1
161 613 1
161 717 1
161 783 1
161 884 1
162 455 1
162 629 1
162 962 1
162 978 1
163 349 1
163 372 1
163 454 1
163 547 1
163 575 1
163 587 1
163 712 1
163 724 1
163 822 1
163 842 1
163 862 1
164 180 1
164 205 1
164 403 1
164 415 1
164 488 1
164 512 1
164 866 1
164 871 1
164 923 1
164 979 1
165 181 1
165 312 1
165 337 1
165 606 1
165 707 1
165 827 1
165 930 1
166 423 1
166 428 1
166 446 1
166 476 1
166 490 1
166 494 1
166 591 1
166 767 1
166 878 1
166 901 1
166 903 1
166 965 1
167 169 1
167 214 1
167 347 1
167 367 1
167 461 1
167 544 1
167 591 1
167 594 1
167 719 1
167 732 1
167 750 1
167 767 1
167 810 1
167 858 1
167 907 1
168 203 1
168 307 1
168 319 1
168 372 1
168 423 1
168 486 1
168 550 1
168 565 1
168 645 1
168 714 1
168 726 1
168 813 1
168 877 1
168 937 1
169 259 1
169 347 1
169 356 1
169 381 1
169 386 1
169 532 1
169 546 1
169 565 1
169 672 1
169 755 1
169 828 1
169 900 1
169 978 1
170 178 1
170 269 1
170 434 1
170 437 1
170 542 1
170 601 1
170 607 1
170 620 1
170 644 1
170 684 1
170 689 1
170 759 1
170 860 1
170 903 1
170 940 1
171 188 1
171 189 1
171 216 1
171 257 1
171 424 1
171 428 1
171 584 1
171 601 1
171 614 1
171 679 1
171 738 1
171 742 1
171 878 1
171 918 1
171 920 1
171 975 1
171 979 1
171 994 1
172 195 1
172 441 1
172 539 1
172 561 1
172 663 1
172 785 1
172 814 1
172 842 1
172 864 1
172 886 1
172 914 1
172 987 1
173 521 1
173 545 1
173 629 1
173 643 1
173 654 1
173 708 1
173 825 1
173 833 1
173 919 1
174 202 1
174 284 1
174 393 1
174 399 1
174 514 1
174 724 1
174 782 1
174 783 1
174 920 1
174 955 1
174 972 1
175 297 1
175 356 1
175 410 1
175 492 1
175 563 1
175 888 1
176 218 1
176 299 1
176 367 1
176 478 1
176 533 1
176 544 1
176 623 1
176 800 1
176 897 1
176 994 1
177 317 1
177 516 1
177 590 1
177 786 1
177 979 1
178 280 1
178 332 1
178 394 1
178 400 1
178 402 1
178 437 1
178 521 1
178 694 1
178 712 1
178 909 1
179 210 1
179 245 1
179 263 1
179 352 1
179 408 1
179 451 1
179 486 1
179 499 1
179 549 1
179 677 1
179 692 1
179 742 1
179 934 1
179 949 1
179 995 1
180 330 1
180 344 1
180 345 1
180 717 1
180 752 1
180 833 1
180 844 1
180 901 1
180 937 1
180 991 1
181 315 1
181 459 1
181 478 1
181 493 1
181 547 1
181 832 1
181 885 1
181 920 1
181 954 1
181 973 1
181 988 1
182 220 1
182 261 1
182 328 1
182 634 1
182 693 1
182 729 1
182 899 1
182 912 1
182 966 1
183 298 1
183 373 1
183 452 1
183 600 1
183 876 1
183 969 1
183 985 1
184 303 1
184 317 1
184 385 1
184 428 1
184 554 1
184 588 1
184 593 1
184 770 1
184 846 1
184 951 1
185 408 1
185 429 1
185 664 1
185 812 1
185 820 1
185 829 1
185 836 1
186 363 1
186 375 1
186 492 1
186 510 1
186 535 1
186 571 1
186 632 1
186 684 1
187 346 1
187 356 1
187 420 1
187 421 1
187 450 1
187 451 1
187 484 1
187 485 1
187 595 1
187 744 1
187 785 1
187 864 1
187 876 1
187 943 1
188 195 1
188 462 1
188 619 1
188 716 1
188 766 1
188 989 1
189 205 1
189 213 1
189 225 1
189 309 1
189 341 1
189 344 1
189 389 1
189 432 1
189 473 1
189 547 1
189 591 1
189 678 1
189 853 1
189 866 1
189 922 1
189 973 1
190 220 1
190 237 1
190 270 1
190 295 1
190 518 1
190 598 1
190 602 1
190 609 1
190 720 1
190 736 1
190 748 1
190 786 1
190 822 1
190 827 1
191 285 1
191 307 1
191 414 1
191 489 1
191 509 1
191 513 1
191 637 1
191 745 1
192 255 1
192 465 1
192 483 1
192 651 1
192 781 1
192 913 1
192 938 1
193 237 1
193 328 1
193 521 1
193 536 1
193 553 1
193 646 1
193 653 1
193 705 1
193 735 1
193 757 1
193 810 1
193 947 1
193 962 1
193 980 1
194 255 1
194 292 1
194 395 1
194 465 1
194 589 1
194 653 1
194 730 1
194 756 1
194 812 1
194 968 1
195 229 1
195 346 1
195 419 1
195 506 1
195 530 1
195 603 1
195 633 1
195 650 1
195 786 1
195 821 1
195 931 1
195 985 1
196 208 1
196 210 1
196 248 1
196 412 1
196 423 1
196 433 1
196 618 1
196 632 1
196 693 1
196 740 1
196 773 1
197 243 1
197 245 1
197 353 1
197 418 1
197 461 1
197 598 1
197 666 1
197 722 1
197 760 1
197 776 1
197 878 1
197 886 1
197 891 1
197 901 1
197 935 1
198 248 1
198 438 1
198 533 1
198 565 1
198 614 1
198 617 1
198 683 1
198 919 1
198 966 1
199 325 1
199 355 1
199 395 1
199 609 1
199 705 1
199 747 1
199 798 1
200 261 1
200 283 1
200 346 1
200 504 1
200 548 1
200 566 1
200 629 1
200 758 1
200 826 1
200 967 1
201 276 1
201 353 1
201 387 1
201 401 1
201 561 1
201 589 1
201 657 1
201 896 1
201 1000 1
202 409 1
202 581 1
202 654 1
202 714 1
202 728 1
202 738 1
202 799 1
203 243 1
203 353 1
203 386 1
203 463 1
203 772 1
203 843 1
203 967 1
204 206 1
204 288 1
204 401 1
204 434 1
204 510 1
204 538 1
204 602 1
204 655 1
204 669 1
204 687 1
204 697 1
204 811 1
204 829 1
205 224 1
205 256 1
205 276 1
205 350 1
205 391 1
205 468 1
205 552 1
205 554 1
205 683 1
205 693 1
205 743 1
205 852 1
205 910 1
205 942 1
205 944 1
205 982 1
206 213 1
206 235 1
206 358 1
206 411 1
206 617 1
206 660 1
206 685 1
206 701 1
206 914 1
206 964 1
207 284 1
207 286 1
207 508 1
207 739 1
207 775 1
207 814 1
207 968 1
208 274 1
208 380 1
208 459 1
208 590 1
208 652 1
208 785 1
208 791 1
208 848 1
208 952 1
209 626 1
209 725 1
209 908 1
209 945 1
209 958 1
210 335 1
210 453 1
210 461 1
210 468 1
210 638 1
210 666 1
210 933 1
210 983 1
211 257 1
211 584 1
211 600 1
211 605 1
211 645 1
211 754 1
211 828 1
211 899 1
211 976 1
212 299 1
212 304 1
212 319 1
212 342 1
212 384 1
212 429 1
212 510 1
213 260 1
213 384 1
213 392 1
213 492 1
213 736 1
213 759 1
213 821 1
213 844 1
213 863 1
213 868 1
213 893 1
214 279 1
214 283 1
214 587 1
214 622 1
214 742 1
215 236 1
215 323 1
215 378 1
215 415 1
215 438 1
215 445 1
215 515 1
215 663 1
215 668 1
215 769 1
215 847 1
215 925 1
215 983 1
216 309 1
216 380 1
216 409 1
216 454 1
216 547 1
216 570 1
216 618 1
216 636 1
216 731 1
216 757 1
216 808 1
216 831 1
216 993 1
217 245 1
217 478 1
217 566 1
217 639 1
217 708 1
218 294 1
218 297 1
218 327 1
218 458 1
218 479 1
218 557 1
218 611 1
218 691 1
218 700 1
218 702 1
218 719 1
218 799 1
218 882 1
218 942 1
218 973 1
219 270 1
219 298 1
219 327 1
219 390 1
219 402 1
219 436 1
219 517 1
219 576 1
219 590 1
219 719 1
219 720 1
219 730 1
219 756 1
219 769 1
219 861 1
219 928 1
220 569 1
220 751 1
221 223 1
221 274 1
221 389 1
221 516 1
221 657 1
221 673 1
221 828 1
221 999 1
222 257 1
222 280 1
222 411 1
222 447 1
222 564 1
222 722 1
222 744 1
223 229 1
223 311 1
223 514 1
223 526 1
223 532 1
223 632 1
223 728 1
223 841 1
223 961 1
224 316 1
224 591 1
224 736 1
224 813 1
224 836 1
224 962 1
224 994 1
225 296 1
225 551 1
225 684 1
225 890 1
225 972 1
225 988 1
226 322 1
226 365 1
226 376 1
226 499 1
226 509 1
226 542 1
226 551 1
226 622 1
226 670 1
226 693 1
226 939 1
227 251 1
227 524 1
227 782 1
227 845 1
227 857 1
227 888 1
227 911 1
227 989 1
228 275 1
228 542 1
228 669 1
228 704 1
228 837 1
229 322 1
229 346 1
229 388 1
229 416 1
229 515 1
229 549 1
229 804 1
229 892 1
230 281 1
230 307 1
230 337 1
230 394 1
230 398 1
230 452 1
230 495 1
230 528 1
230 563 1
230 576 1
230 601 1
230 728 1
230 764 1
230 799 1
230 932 1
230 936 1
230 953 1
231 360 1
231 393 1
231 401 1
231 617 1
231 640 1
231 772 1
232 303 1
232 416 1
232 427 1
232 442 1
232 515 1
232 595 1
232 605 1
232 662 1
232 798 1
232 921 1
232 992 1
233 601 1
233 704 1
233 745 1
233 835 1
233 910 1
233 952 1
234 286 1
234 301 1
234 334 1
234 406 1
234 748 1
234 760 1
234 761 1
234 777 1
234 855 1
234 880 1
234 924 1
235 252 1
235 278 1
235 292 1
235 403 1
235 440 1
235 515 1
235 585 1
235 618 1
235 741 1
235 793 1
235 828 1
235 861 1
235 882 1
235 884 1
235 912 1
236 261 1
236 286 1
236 352 1
236 362 1
236 385 1
236 485 1
236 495 1
236 557 1
236 578 1
236 626 1
236 637 1
236 659 1
236 722 1
236 724 1
236 937 1
237 383 1
237 396 1
237 523 1
237 634 1
237 644 1
237 645 1
237 727 1
237 751 1
237 842 1
237 935 1
238 256 1
238 391 1
238 420 1
238 557 1
238 573 1
238 669 1
238 705 1
238 754 1
238 935 1
238 999 1
239 296 1
239 430 1
239 479 1
239 600 1
239 677 1
239 824 1
239 832 1
239 836 1
240 333 1
240 343 1
240 435 1
240 453 1
240 466 1
240 527 1
240 609 1
240 670 1
240 680 1
240 718 1
240 723 1
240 826 1
240 901 1
240 905 1
240 965 1
240 966 1
240 992 1
241 255 1
241 444 1
241 511 1
241 529 1
241 538 1
241 595 1
241 599 1
241 723 1
241 854 1
241 879 1
241 906 1
241 919 1
241 931 1
242 305 1
242 651 1
242 654 1
242 682 1
242 734 1
242 939 1
242 967 1
243 268 1
243 323 1
243 327 1
243 689 1
243 728 1
243 774 1
243 845 1
243 859 1
243 867 1
243 913 1
243 957 1
243 983 1
244 317 1
244 390 1
244 397 1
244 484 1
244 514 1
244 703 1
244 717 1
244 719 1
244 799 1
244 836 1
244 916 1
245 266 1
245 274 1
245 283 1
245 379 1
245 407 1
245 500 1
245 516 1
245 550 1
245 567 1
245 650 1
245 656 1
245 699 1
245 760 1
246 304 1
246 346 1
246 495 1
246 581 1
246 650 1
246 840 1
246 899 1
246 946 1
246 974 1
247 321 1
247 338 1
247 409 1
247 491 1
247 536 1
247 610 1
247 643 1
247 726 1
247 745 1
247 840 1
247 873 1
247 976 1
248 249 1
248 318 1
248 338 1
248 348 1
248 382 1
248 539 1
248 847 1
248 867 1
248 909 1
249 254 1
249 342 1
249 405 1
249 462 1
249 688 1
249 691 1
249 756 1
249 809 1
249 832 1
249 854 1
249 856 1
249 886 1
249 893 1
249 978 1
250 300 1
250 331 1
250 342 1
250 363 1
250 421 1
250 460 1
250 608 1
250 643 1
250 665 1
250 672 1
250 795 1
250 809 1
250 968 1
251 280 1
251 296 1
251 419 1
251 539 1
251 548 1
251 600 1
251 609 1
251 683 1
251 777 1
251 784 1
252 415 1
252 464 1
252 466 1
252 517 1
252 655 1
252 739 1
252 745 1
252 760 1
252 820 1
252 903 1
252 925 1
253 453 1
253 541 1
253 580 1
253 588 1
253 746 1
253 847 1
254 266 1
254 363 1
254 373 1
254 403 1
254 432 1
254 484 1
254 539 1
254 588 1
254 650 1
254 735 1
254 753 1
254 853 1
254 862 1
254 904 1
255 343 1
255 488 1
255 562 1
255 589 1
255 615 1
256 281 1
256 299 1
256 329 1
256 385 1
256 493 1
256 498 1
256 633 1
256 692 1
256 772 1
256 929 1
257 361 1
257 413 1
257 812 1
258 376 1
258 434 1
258 448 1
258 477 1
258 482 1
258 797 1
258 845 1
258 858 1
258 921 1
258 957 1
259 270 1
259 499 1
259 724 1
259 770 1
259 863 1
260 296 1
260 352 1
260 383 1
260 384 1
260 430 1
260 467 1
260 503 1
260 654 1
260 793 1
260 848 1
260 860 1
261 359 1
261 380 1
261 561 1
261 672 1
261 766 1
261 803 1
261 903 1
262 301 1
262 544 1
262 616 1
262 708 1
262 712 1
262 732 1
262 887 1
262 978 1
263 316 1
263 455 1
263 502 1
263 680 1
263 866 1
263 928 1
264 293 1
264 359 1
264 423 1
264 520 1
264 535 1
264 571 1
264 594 1
264 685 1
264 712 1
264 851 1
264 913 1
264 945 1
265 289 1
265 313 1
265 395 1
265 521 1
265 693 1
265 728 1
265 747 1
265 774 1
265 802 1
265 917 1
265 941 1
265 968 1
266 453 1
266 459 1
266 486 1
266 512 1
266 564 1
266 773 1
266 841 1
266 875 1
266 883 1
266 967 1
267 451 1
267 568 1
267 580 1
267 596 1
267 635 1
267 676 1
267 793 1
267 828 1
268 380 1
268 387 1
268 404 1
268 445 1
268 453 1
268 685 1
268 710 1
268 743 1
268 753 1
268 799 1
268 848 1
268 849 1
268 969 1
269 305 1
269 350 1
269 370 1
269 428 1
269 481 1
269 549 1
269 606 1
269 613 1
269 819 1
269 853 1
269 876 1
269 897 1
270 340 1
270 345 1
270 543 1
270 597 1
270 639 1
271 313 1
271 327 1
271 385 1
271 481 1
271 596 1
271 606 1
271 642 1
271 771 1
271 879 1
271 975 1
272 422 1
272 510 1
272 512 1
272 537 1
272 569 1
272 593 1
272 619 1
272 655 1
272 769 1
272 911 1
273 421 1
273 432 1
273 437 1
273 508 1
273 526 1
273 544 1
273 644 1
273 645 1
273 666 1
273 770 1
273 833 1
273 850 1
273 873 1
274 368 1
274 466 1
274 492 1
274 631 1
274 663 1
274 750 1
274 777 1
274 807 1
274 809 1
274 902 1
274 994 1
275 311 1
275 449 1
275 564 1
275 591 1
275 602 1
275 704 1
275 960 1
276 304 1
276 358 1
276 376 1
276 655 1
276 805 1
276 827 1
277 307 1
277 522 1
277 539 1
277 687 1
277 689 1
277 704 1
277 790 1
277 856 1
277 860 1
277 928 1
277 936 1
278 433 1
278 442 1
278 504 1
278 589 1
278 764 1
278 773 1
278 783 1
278 863 1
278 878 1
278 979 1
279 312 1
279 320 1
279 469 1
279 491 1
279 743 1
279 816 1
279 893 1
279 907 1
280 337 1
280 644 1
280 754 1
280 767 1
280 789 1
280 970 1
281 300 1
281 311 1
281 431 1
281 535 1
281 544 1
281 642 1
281 715 1
282 406 1
282 441 1
282 450 1
282 452 1
282 489 1
282 552 1
282 582 1
282 599 1
282 701 1
282 714 1
282 768 1
282 816 1
282 833 1
282 934 1
282 946 1
283 285 1
283 340 1
283 594 1
283 668 1
283 727 1
284 351 1
284 401 1
284 416 1
284 471 1
284 475 1
284 498 1
284 543 1
284 627 1
284 719 1
284 801 1
284 873 1
284 900 1
285 427 1
285 651 1
285 868 1
285 942 1
285 977 1
286 313 1
286 330 1
286 386 1
286 515 1
286 608 1
286 643 1
286 731 1
286 753 1
286 766 1
286 810 1
286 838 1
287 367 1
287 398 1
287 450 1
287 504 1
287 595 1
287 699 1
287 774 1
287 843 1
288 361 1
288 591 1
288 624 1
288 643 1
288 721 1
288 734 1
288 811 1
288 839 1
289 304 1
289 305 1
289 361 1
289 445 1
289 467 1
289 513 1
289 621 1
289 645 1
289 659 1
289 963 1
289 983 1
289 993 1
290 299 1
290 317 1
290 378 1
290 579 1
290 761 1
290 797 1
290 834 1
291 318 1
291 578 1
291 584 1
291 804 1
291 894 1
291 986 1
292 310 1
292 422 1
292 485 1
292 522 1
292 562 1
292 573 1
292 658 1
292 679 1
292 720 1
292 808 1
292 905 1
292 918 1
292 978 1
293 373 1
293 514 1
293 522 1
293 661 1
293 701 1
293 818 1
293 820 1
293 844 1
293 866 1
293 998 1
294 545 1
294 553 1
294 565 1
294 585 1
294 627 1
294 658 1
294 739 1
294 839 1
295 322 1
295 398 1
295 417 1
295 442 1
295 494 1
295 628 1
295 629 1
295 632 1
295 634 1
295 764 1
295 827 1
295 880 1
295 919 1
296 297 1
296 379 1
296 413 1
296 454 1
296 471 1
296 676 1
296 889 1
296 900 1
296 926 1
297 411 1
297 641 1
297 649 1
297 993 1
298 308 1
298 320 1
298 331 1
298 365 1
298 395 1
298 424 1
298 439 1
298 481 1
298 548 1
298 617 1
298 638 1
298 690 1
298 844 1
298 848 1
298 889 1
298 899 1
298 930 1
298 985 1
299 345 1
299 448 1
299 474 1
299 487 1
299 540 1
299 687 1
299 714 1
299 738 1
299 790 1
299 965 1
299 988 1
300 311 1
300 483 1
300 582 1
300 654 1
300 763 1
301 551 1
301 587 1
301 682 1
301 728 1
301 763 1
301 787 1
301 875 1
301 985 1
301 996 1
302 505 1
302 726 1
302 821 1
303 343 1
303 389 1
303 411 1
303 520 1
303 547 1
303 737 1
303 773 1
303 808 1
303 856 1
303 931 1
303 955 1
303 957 1
304 453 1
304 526 1
304 673 1
304 762 1
304 866 1
304 904 1
304 948 1
304 991 1
305 490 1
305 540 1
305 830 1
305 986 1
306 332 1
306 350 1
306 374 1
306 387 1
306 420 1
306 449 1
306 609 1
306 684 1
306 710 1
306 868 1
306 895 1
306 970 1
307 474 1
307 611 1
307 617 1
307 631 1
307 652 1
307 737 1
307 801 1
307 814 1
307 926 1
308 604 1
308 678 1
308 726 1
308 914 1
308 916 1
308 960 1
309 336 1
309 365 1
309 376 1
309 423 1
309 468 1
309 503 1
309 506 1
309 578 1
309 597 1
309 613 1
309 628 1
309 767 1
309 778 1
309 911 1
310 502 1
310 569 1
310 621 1
310 674 1
310 703 1
310 756 1
310 843 1
311 412 1
311 481 1
311 544 1
311 775 1
311 847 1
311 920 1
311 973 1
311 997 1
312 417 1
312 597 1
312 708 1
312 854 1
312 876 1
312 900 1
312 923 1
312 941 1
312 996 1
313 460 1
313 490 1
313 513 1
313 537 1
313 597 1
313 700 1
313 703 1
313 793 1
313 884 1
314 320 1
314 413 1
314 445 1
314 642 1
314 682 1
314 691 1
314 956 1
315 378 1
315 416 1
315 495 1
315 519 1
315 597 1
315 635 1
315 755 1
315 778 1
315 825 1
316 330 1
316 530 1
316 531 1
316 554 1
316 567 1
316 571 1
316 599 1
316 808 1
316 823 1
316 878 1
316 982 1
316 992 1
317 343 1
317 433 1
317 470 1
317 678 1
317 837 1
317 850 1
317 862 1
317 913 1
317 964 1
317 991 1
318 472 1
318 500 1
318 538 1
318 576 1
318 733 1
318 909 1
318 954 1
319 334 1
319 730 1
319 763 1
319 767 1
319 853 1
319 982 1
320 462 1
320 558 1
320 632 1
320 701 1
320 723 1
320 930 1
321 427 1
321 889 1
321 936 1
321 973 1
322 382 1
322 389 1
322 472 1
322 510 1
322 527 1
322 536 1
322 564 1
322 610 1
322 688 1
322 748 1
322 825 1
322 915 1
322 946 1
322 990 1
323 396 1
323 504 1
323 631 1
323 652 1
323 653 1
323 856 1
323 862 1
323 922 1
323 923 1
323 930 1
323 964 1
324 422 1
324 469 1
324 485 1
324 599 1
324 647 1
324 680 1
324 685 1
324 725 1
324 739 1
324 742 1
324 887 1
324 939 1
324 940 1
325 333 1
325 346 1
325 397 1
325 423 1
325 429 1
325 539 1
325 565 1
325 589 1
325 606 1
325 683 1
325 792 1
325 930 1
326 341 1
326 373 1
326 490 1
326 526 1
326 649 1
326 711 1
326 714 1
326 748 1
326 756 1
326 759 1
326 880 1
326 928 1
327 398 1
327 540 1
327 773 1
327 1000 1
328 400 1
328 441 1
328 545 1
328 596 1
328 689 1
328 710 1
328 712 1
328 759 1
328 779 1
328 842 1
328 923 1
328 966 1
329 608 1
329 624 1
329 636 1
329 673 1
329 822 1
329 874 1
329 875 1
329 906 1
329 954 1
330 361 1
330 408 1
330 446 1
330 555 1
330 733 1
330 756 1
330 776 1
330 828 1
330 887 1
330 891 1
331 441 1
331 482 1
331 648 1
331 820 1
331 867 1
332 385 1
332 400 1
332 421 1
332 539 1
332 692 1
332 719 1
332 795 1
332 951 1
332 979 1
333 378 1
333 397 1
333 527 1
333 555 1
333 568 1
333 678 1
333 716 1
333 725 1
333 749 1
333 786 1
333 810 1
334 393 1
334 479 1
334 603 1
334 735 1
334 782 1
334 856 1
334 865 1
335 458 1
335 581 1
335 808 1
335 816 1
335 851 1
335 888 1
335 905 1
336 532 1
336 589 1
336 600 1
336 725 1
336 850 1
336 907 1
336 933 1
337 430 1
337 493 1
337 555 1
337 568 1
337 677 1
337 756 1
337 939 1
337 958 1
337 969 1
337 985 1
338 447 1
338 491 1
338 576 1
338 759 1
338 840 1
338 854 1
338 858 1
339 411 1
339 436 1
339 658 1
339 688 1
339 939 1
340 359 1
340 645 1
340 763 1
340 813 1
340 833 1
340 851 1
340 940 1
341 361 1
341 414 1
341 602 1
341 654 1
341 657 1
341 718 1
341 741 1
341 790 1
341 898 1
341 945 1
341 951 1
342 407 1
342 408 1
342 497 1
342 505 1
342 693 1
342 696 1
342 804 1
343 355 1
343 369 1
343 410 1
343 434 1
343 441 1
343 547 1
343 676 1
343 682 1
343 926 1
344 396 1
344 440 1
344 445 1
344 464 1
344 633 1
344 702 1
344 720 1
344 753 1
344 766 1
344 944 1
345 368 1
345 419 1
345 519 1
345 609 1
345 698 1
345 726 1
345 902 1
345 933 1
346 373 1
346 463 1
346 518 1
346 797 1
346 912 1
346 973 1
346 985 1
347 349 1
347 377 1
347 459 1
347 479 1
347 567 1
347 782 1
347 853 1
347 900 1
347 901 1
348 486 1
348 713 1
348 725 1
348 824 1
349 355 1
349 466 1
349 598 1
349 636 1
349 852 1
350 366 1
350 499 1
350 518 1
350 541 1
350 762 1
350 961 1
350 975 1
351 369 1
351 484 1
351 506 1
351 547 1
351 709 1
351 842 1
351 962 1
352 525 1
352 555 1
352 563 1
352 616 1
352 811 1
352 879 1
352 890 1
353 383 1
353 423 1
353 572 1
353 620 1
353 661 1
353 701 1
353 945 1
353 975 1
353 991 1
354 385 1
354 396 1
354 445 1
354 624 1
354 647 1
354 663 1
354 694 1
354 703 1
354 817 1
354 854 1
354 857 1
354 861 1
354 871 1
354 892 1
354 929 1
355 529 1
355 542 1
355 704 1
355 723 1
355 798 1
355 913 1
355 929 1
355 950 1
355 969 1
356 365 1
356 384 1
356 433 1
356 474 1
356 524 1
356 627 1
356 662 1
356 675 1
356 841 1
356 901 1
356 958 1
356 985 1
357 367 1
357 603 1
357 674 1
357 735 1
357 753 1
357 890 1
357 979 1
358 443 1
358 484 1
358 566 1
358 672 1
358 676 1
358 721 1
358 741 1
358 743 1
358 923 1
358 975 1
359 469 1
359 497 1
359 521 1
359 598 1
359 645 1
359 671 1
359 680 1
359 765 1
360 368 1
360 769 1
360 912 1
360 914 1
360 939 1
360 945 1
361 382 1
361 458 1
361 541 1
361 558 1
361 608 1
361 631 1
361 867 1
361 903 1
361 969 1
362 414 1
362 554 1
362 584 1
362 768 1
362 822 1
362 870 1
362 928 1
363 460 1
363 485 1
363 601 1
363 666 1
363 708 1
363 756 1
363 820 1
363 837 1
363 861 1
363 884 1
363 937 1
363 955 1
363 964 1
364 431 1
364 446 1
364 491 1
364 512 1
364 547 1
364 607 1
364 932 1
364 961 1
365 473 1
365 482 1
365 507 1
365 642 1
365 787 1
365 819 1
365 857 1
366 381 1
366 495 1
366 533 1
366 535 1
366 546 1
366 557 1
366 665 1
366 677 1
366 690 1
366 748 1
366 758 1
366 803 1
366 910 1
367 495 1
367 531 1
367 536 1
367 584 1
367 612 1
367 642 1
367 690 1
367 720 1
367 738 1
367 870 1
367 871 1
367 931 1
367 983 1
368 454 1
368 540 1
368 594 1
368 652 1
368 746 1
368 780 1
368 843 1
368 878 1
368 934 1
368 946 1
369 397 1
369 405 1
369 427 1
369 490 1
369 606 1
369 626 1
369 757 1
369 789 1
369 834 1
369 857 1
369 883 1
369 974 1
370 493 1
370 584 1
370 753 1
370 829 1
370 961 1
371 636 1
371 646 1
371 748 1
371 811 1
371 849 1
372 458 1
372 473 1
372 551 1
372 560 1
372 596 1
372 692 1
373 408 1
373 523 1
373 555 1
373 574 1
373 579 1
373 718 1
373 877 1
374 386 1
374 528 1
374 529 1
374 675 1
374 702 1
374 725 1
374 768 1
374 773 1
374 906 1
374 916 1
374 934 1
375 381 1
375 405 1
375 428 1
375 452 1
375 523 1
375 572 1
375 729 1
375 771 1
375 838 1
375 931 1
376 392 1
376 451 1
376 460 1
376 488 1
376 766 1
376 773 1
376 884 1
376 919 1
376 944 1
376 948 1
376 964 1
377 470 1
377 486 1
377 739 1
377 803 1
377 845 1
377 914 1
377 943 1
378 389 1
378 391 1
378 424 1
378 444 1
378 480 1
378 755 1
378 829 1
378 840 1
378 910 1
378 986 1
379 505 1
379 514 1
379 593 1
379 635 1
379 894 1
379 993 1
380 538 1
380 711 1
380 713 1
380 801 1
380 874 1
380 973 1
381 433 1
381 437 1
381 482 1
381 658 1
381 751 1
381 808 1
381 886 1
382 450 1
382 496 1
382 694 1
382 725 1
382 897 1
382 955 1
383 441 1
383 552 1
383 557 1
383 664 1
383 707 1
383 896 1
384 438 1
384 511 1
384 551 1
384 978 1
385 634 1
385 689 1
386 436 1
386 474 1
386 509 1
386 519 1
386 604 1
386 632 1
386 666 1
386 720 1
386 768 1
386 793 1
386 996 1
387 520 1
387 572 1
387 595 1
387 678 1
387 705 1
387 777 1
387 920 1
388 397 1
388 511 1
388 688 1
388 823 1
388 853 1
388 946 1
388 992 1
389 403 1
389 686 1
389 782 1
390 424 1
390 501 1
390 581 1
390 648 1
390 734 1
390 810 1
390 950 1
390 951 1
391 508 1
391 588 1
391 862 1
391 894 1
392 733 1
392 787 1
392 866 1
392 987 1
393 451 1
393 538 1
393 605 1
393 843 1
393 943 1
393 972 1
394 399 1
394 500 1
394 560 1
394 736 1
394 840 1
394 877 1
394 927 1
395 454 1
395 627 1
395 756 1
396 439 1
396 542 1
396 785 1
396 828 1
396 870 1
397 399 1
397 438 1
397 485 1
397 517 1
397 759 1
397 924 1
397 930 1
397 996 1
398 417 1
398 540 1
398 551 1
398 612 1
398 672 1
398 737 1
398 831 1
398 859 1
399 651 1
399 804 1
399 835 1
400 743 1
400 779 1
400 848 1
400 883 1
400 910 1
400 917 1
401 425 1
401 706 1
401 955 1
401 959 1
402 447 1
402 476 1
402 518 1
402 523 1
402 530 1
402 571 1
402 763 1
402 842 1
402 979 1
402 991 1
402 1000 1
403 510 1
403 512 1
403 531 1
403 733 1
403 858 1
404 496 1
404 541 1
404 564 1
404 582 1
404 631 1
404 732 1
404 818 1
404 893 1
404 938 1
404 948 1
405 530 1
405 649 1
405 713 1
405 841 1
405 901 1
406 436 1
406 500 1
406 529 1
406 622 1
406 661 1
406 752 1
406 836 1
406 915 1
406 922 1
406 967 1
407 458 1
407 523 1
407 885 1
407 940 1
407 999 1
408 457 1
408 470 1
408 501 1
408 574 1
408 586 1
408 668 1
408 802 1
408 954 1
408 968 1
409 458 1
409 487 1
409 518 1
409 890 1
410 429 1
410 438 1
410 481 1
410 741 1
410 895 1
410 958 1
411 528 1
411 578 1
411 699 1
411 717 1
411 922 1
411 974 1
412 427 1
412 449 1
412 543 1
412 925 1
412 970 1
413 479 1
413 530 1
413 713 1
413 731 1
413 815 1
413 885 1
413 928 1
413 937 1
413 948 1
414 428 1
414 509 1
414 572 1
414 741 1
414 790 1
414 830 1
414 957 1
415 536 1
415 614 1
415 795 1
415 888 1
415 908 1
415 974 1
416 506 1
416 559 1
416 655 1
416 808 1
416 859 1
416 868 1
416 895 1
416 912 1
416 938 1
417 428 1
417 486 1
417 596 1
417 670 1
417 700 1
417 709 1
417 758 1
417 921 1
417 933 1
417 939 1
418 506 1
418 564 1
418 580 1
418 642 1
418 674 1
418 747 1
418 784 1
418 795 1
418 934 1
418 954 1
418 982 1
419 552 1
419 596 1
419 624 1
419 686 1
419 699 1
419 745 1
419 750 1
419 965 1
419 967 1
420 703 1
420 829 1
420 830 1
421 474 1
421 519 1
421 658 1
421 718 1
421 820 1
421 865 1
421 910 1
421 991 1
422 464 1
422 659 1
423 521 1
423 555 1
423 592 1
423 653 1
423 709 1
423 818 1
423 856 1
423 864 1
423 946 1
424 458 1
424 705 1
424 987 1
424 999 1
425 488 1
425 520 1
425 556 1
425 816 1
426 815 1
426 857 1
426 984 1
427 434 1
427 443 1
427 477 1
427 548 1
427 704 1
427 752 1
427 781 1
427 872 1
427 911 1
427 967 1
428 529 1
428 550 1
428 649 1
428 706 1
428 716 1
428 815 1
428 818 1
428 879 1
429 697 1
429 731 1
429 764 1
429 780 1
429 857 1
430 453 1
430 533 1
430 841 1
430 873 1
430 964 1
431 443 1
431 586 1
431 807 1
431 869 1
431 922 1
431 989 1
432 435 1
432 751 1
432 792 1
432 833 1
432 970 1
433 480 1
433 482 1
433 556 1
433 762 1
433 927 1
433 955 1
434 597 1
434 694 1
434 723 1
434 744 1
434 933 1
434 948 1
435 450 1
435 499 1
435 513 1
435 559 1
435 582 1
435 603 1
435 633 1
435 666 1
435 940 1
436 552 1
436 582 1
436 602 1
436 849 1
436 953 1
436 960 1
436 968 1
436 980 1
437 633 1
437 742 1
437 781 1
437 915 1
438 527 1
438 540 1
438 634 1
438 707 1
438 721 1
438 830 1
438 873 1
438 902 1
438 959 1
438 977 1
439 476 1
439 564 1
439 612 1
439 631 1
439 647 1
439 648 1
439 730 1
439 833 1
439 843 1
439 929 1
440 479 1
440 483 1
440 545 1
440 562 1
440 573 1
440 656 1
440 721 1
440 759 1
440 891 1
440 958 1
440 960 1
441 502 1
441 558 1
441 594 1
441 612 1
441 618 1
441 692 1
441 793 1
441 797 1
441 961 1
441 994 1
442 507 1
442 531 1
442 647 1
442 752 1
442 762 1
442 828 1
442 921 1
442 953 1
443 516 1
443 664 1
443 681 1
443 708 1
443 729 1
443 755 1
443 799 1
443 959 1
444 694 1
444 786 1
444 894 1
444 951 1
444 988 1
445 497 1
445 635 1
445 639 1
445 689 1
445 727 1
445 751 1
445 993 1
446 475 1
446 535 1
446 578 1
446 815 1
446 900 1
446 969 1
447 545 1
447 838 1
447 998 1
448 455 1
448 612 1
448 668 1
449 453 1
449 498 1
449 526 1
449 575 1
449 616 1
449 627 1
449 630 1
449 701 1
449 726 1
449 745 1
449 789 1
449 794 1
449 961 1
449 986 1
450 482 1
450 488 1
450 496 1
450 615 1
450 700 1
450 825 1
450 856 1
451 508 1
451 564 1
451 617 1
451 708 1
451 715 1
451 904 1
451 954 1
452 613 1
452 620 1
452 764 1
452 776 1
453 484 1
453 624 1
453 840 1
454 464 1
454 570 1
454 662 1
454 817 1
454 825 1
454 865 1
454 866 1
454 952 1
454 977 1
455 554 1
455 560 1
455 604 1
455 609 1
455 625 1
455 810 1
455 857 1
455 893 1
455 921 1
455 926 1
456 520 1
456 744 1
456 758 1
456 862 1
456 918 1
457 460 1
457 488 1
457 574 1
457 740 1
457 775 1
457 873 1
457 880 1
457 905 1
457 927 1
457 960 1
458 583 1
458 675 1
458 677 1
458 704 1
458 870 1
458 888 1
458 906 1
458 937 1
459 492 1
459 534 1
459 580 1
459 651 1
459 780 1
459 809 1
459 889 1
460 481 1
460 559 1
460 587 1
460 690 1
460 823 1
461 607 1
461 700 1
461 992 1
462 475 1
462 507 1
462 667 1
462 724 1
462 761 1
462 792 1
462 809 1
462 878 1
463 553 1
463 586 1
463 660 1
463 713 1
463 767 1
463 828 1
464 491 1
464 528 1
464 568 1
464 605 1
464 623 1
464 687 1
465 488 1
465 525 1
465 604 1
465 676 1
465 717 1
465 842 1
465 855 1
465 996 1
466 495 1
466 581 1
466 605 1
466 615 1
466 673 1
466 934 1
467 692 1
467 698 1
467 742 1
467 783 1
467 784 1
467 832 1
467 851 1
467 880 1
467 928 1
467 929 1
467 992 1
468 760 1
468 889 1
468 971 1
469 481 1
469 681 1
469 895 1
470 505 1
470 667 1
470 705 1
470 796 1
470 798 1
470 993 1
471 498 1
471 608 1
471 665 1
471 706 1
471 733 1
471 736 1
471 778 1
471 885 1
471 931 1
471 973 1
472 484 1
472 527 1
472 585 1
472 595 1
472 606 1
472 612 1
472 670 1
472 731 1
472 926 1
472 972 1
473 648 1
473 712 1
473 738 1
473 742 1
473 754 1
473 795 1
473 836 1
473 997 1
474 584 1
474 650 1
474 728 1
474 731 1
474 835 1
474 851 1
474 922 1
475 697 1
475 976 1
476 667 1
476 731 1
476 810 1
476 820 1
477 511 1
477 566 1
477 622 1
477 630 1
477 648 1
477 696 1
477 727 1
477 877 1
478 519 1
478 521 1
478 543 1
478 599 1
478 687 1
478 727 1
478 755 1
478 794 1
478 902 1
478 929 1
478 950 1
479 691 1
479 706 1
479 740 1
479 791 1
479 837 1
480 525 1
480 635 1
480 744 1
480 789 1
480 841 1
481 785 1
481 830 1
481 835 1
481 992 1
482 647 1
482 651 1
482 720 1
482 724 1
482 756 1
482 894 1
482 972 1
483 493 1
483 516 1
483 628 1
483 674 1
483 826 1
483 843 1
483 913 1
483 922 1
483 937 1
483 938 1
484 494 1
484 843 1
484 859 1
484 952 1
485 512 1
485 581 1
485 708 1
486 636 1
486 692 1
486 936 1
487 546 1
487 612 1
487 680 1
487 817 1
487 858 1
487 876 1
487 949 1
488 583 1
488 585 1
488 588 1
488 595 1
488 648 1
488 753 1
488 833 1
488 852 1
488 912 1
488 916 1
488 988 1
489 490 1
489 571 1
489 888 1
489 891 1
489 899 1
490 517 1
490 528 1
490 543 1
490 623 1
490 844 1
490 908 1
490 977 1
490 995 1
490 1000 1
491 590 1
491 622 1
491 649 1
491 909 1
491 952 1
492 529 1
492 640 1
492 657 1
492 711 1
492 768 1
492 807 1
493 509 1
493 542 1
493 545 1
493 634 1
493 695 1
493 914 1
493 965 1
494 515 1
494 630 1
494 710 1
494 871 1
494 878 1
494 972 1
495 754 1
495 774 1
495 996 1
496 501 1
496 535 1
496 581 1
496 680 1
496 694 1
496 875 1
497 625 1
497 679 1
497 684 1
497 760 1
497 969 1
498 575 1
498 938 1
499 532 1
499 614 1
499 683 1
500 501 1
500 651 1
500 662 1
501 577 1
501 622 1
501 681 1
501 729 1
501 784 1
501 796 1
501 834 1
501 871 1
501 987 1
502 519 1
502 535 1
502 610 1
502 614 1
502 641 1
502 735 1
502 738 1
502 766 1
502 770 1
502 863 1
502 966 1
503 611 1
503 629 1
503 728 1
503 920 1
504 565 1
504 749 1
504 786 1
504 833 1
504 875 1
504 933 1
505 512 1
505 517 1
505 662 1
505 680 1
505 694 1
506 555 1
506 615 1
506 626 1
506 627 1
506 636 1
506 699 1
506 718 1
506 757 1
506 794 1
506 847 1
506 879 1
507 517 1
507 666 1
507 737 1
507 797 1
507 821 1
507 971 1
508 547 1
508 899 1
509 689 1
509 690 1
509 696 1
509 733 1
509 883 1
509 897 1
509 946 1
510 520 1
510 541 1
510 569 1
510 593 1
510 648 1
510 696 1
510 824 1
510 941 1
511 563 1
511 692 1
511 727 1
511 941 1
511 950 1
512 565 1
512 647 1
512 659 1
512 738 1
512 778 1
512 832 1
512 857 1
513 606 1
513 703 1
513 794 1
513 857 1
513 870 1
513 904 1
513 920 1
513 926 1
513 960 1
513 981 1
513 995 1
513 996 1
514 611 1
514 633 1
514 638 1
514 668 1
514 680 1
514 849 1
514 966 1
515 532 1
515 558 1
515 570 1
515 575 1
515 665 1
515 739 1
515 790 1
515 932 1
516 558 1
516 569 1
516 629 1
516 796 1
516 898 1
516 936 1
516 940 1
516 944 1
517 793 1
517 917 1
517 965 1
518 861 1
518 964 1
519 600 1
519 854 1
519 995 1
520 570 1
520 600 1
520 687 1
520 753 1
520 762 1
520 826 1
521 587 1
521 717 1
521 737 1
521 760 1
521 790 1
521 858 1
521 861 1
521 911 1
521 941 1
521 955 1
522 577 1
522 635 1
522 721 1
522 819 1
522 849 1
522 961 1
522 995 1
523 635 1
523 762 1
523 772 1
523 795 1
523 815 1
523 860 1
523 923 1
523 982 1
524 530 1
524 540 1
524 814 1
524 815 1
524 877 1
524 921 1
524 939 1
524 985 1
525 631 1
525 660 1
525 830 1
525 831 1
526 607 1
526 611 1
526 654 1
526 683 1
526 792 1
526 809 1
526 924 1
526 968 1
526 986 1
527 575 1
527 637 1
527 658 1
527 728 1
527 750 1
527 757 1
527 792 1
527 831 1
528 640 1
528 667 1
528 671 1
528 709 1
528 741 1
528 789 1
528 814 1
528 898 1
528 930 1
529 535 1
529 583 1
529 602 1
529 781 1
529 839 1
529 854 1
530 784 1
530 874 1
530 904 1
530 914 1
531 574 1
531 635 1
531 656 1
531 697 1
531 752 1
531 879 1
531 898 1
531 971 1
532 565 1
532 571 1
532 924 1
532 974 1
532 993 1
533 603 1
533 690 1
533 761 1
533 813 1
533 814 1
533 908 1
533 980 1
533 981 1
534 559 1
534 817 1
534 871 1
534 949 1
535 582 1
535 638 1
535 694 1
535 884 1
535 900 1
535 964 1
535 990 1
536 601 1
536 823 1
536 908 1
537 561 1
537 577 1
537 631 1
537 695 1
537 813 1
538 935 1
538 962 1
538 970 1
538 994 1
538 995 1
539 643 1
539 750 1
539 788 1
539 798 1
539 926 1
539 953 1
540 654 1
540 739 1
540 815 1
540 872 1
540 954 1
541 663 1
541 803 1
541 978 1
541 981 1
541 991 1
542 580 1
542 703 1
542 772 1
542 932 1
542 980 1
543 673 1
543 721 1
543 818 1
543 904 1
543 1000 1
544 551 1
544 552 1
544 849 1
545 630 1
545 641 1
545 769 1
545 792 1
545 807 1
546 550 1
546 561 1
546 650 1
546 981 1
546 996 1
547 628 1
547 818 1
548 650 1
548 666 1
548 689 1
548 700 1
548 741 1
548 812 1
548 856 1
548 951 1
548 998 1
549 619 1
549 645 1
549 681 1
549 730 1
549 734 1
549 780 1
549 816 1
549 823 1
549 995 1
549 996 1
550 558 1
550 721 1
550 770 1
550 776 1
550 791 1
550 855 1
550 991 1
551 553 1
551 615 1
551 664 1
551 844 1
551 932 1
551 960 1
551 995 1
552 852 1
552 860 1
552 960 1
552 968 1
553 603 1
553 790 1
553 795 1
554 577 1
554 632 1
554 670 1
554 952 1
554 997 1
555 560 1
555 632 1
555 670 1
555 715 1
555 737 1
555 936 1
556 704 1
556 789 1
557 559 1
557 613 1
557 614 1
557 657 1
557 740 1
557 830 1
557 854 1
557 874 1
557 997 1
558 567 1
558 673 1
558 685 1
558 689 1
558 779 1
558 809 1
558 827 1
558 926 1
558 953 1
558 981 1
559 640 1
559 657 1
559 919 1
559 920 1
560 588 1
560 717 1
560 815 1
560 858 1
561 571 1
561 623 1
561 752 1
561 767 1
561 856 1
561 862 1
561 903 1
561 971 1
562 754 1
563 601 1
563 625 1
563 698 1
563 925 1
564 629 1
564 760 1
564 868 1
565 607 1
565 624 1
565 675 1
565 766 1
565 772 1
565 795 1
565 848 1
565 970 1
566 582 1
566 637 1
566 643 1
566 646 1
566 935 1
566 941 1
567 581 1
567 689 1
567 937 1
567 946 1
567 998 1
568 653 1
568 696 1
568 848 1
568 902 1
568 977 1
569 570 1
569 719 1
569 802 1
569 821 1
569 827 1
569 970 1
570 586 1
570 605 1
570 609 1
570 934 1
571 584 1
571 615 1
571 665 1
571 942 1
572 601 1
572 789 1
572 862 1
572 892 1
572 949 1
573 744 1
573 787 1
573 828 1
573 865 1
573 898 1
573 902 1
573 965 1
573 967 1
573 976 1
574 604 1
574 771 1
574 946 1
575 597 1
575 674 1
575 784 1
575 929 1
576 633 1
576 729 1
576 880 1
576 986 1
577 633 1
577 864 1
577 902 1
577 921 1
577 976 1
577 994 1
578 586 1
578 679 1
578 702 1
578 721 1
578 746 1
578 802 1
579 617 1
579 660 1
579 956 1
579 993 1
580 647 1
580 687 1
580 692 1
580 727 1
580 925 1
581 594 1
581 651 1
581 659 1
581 671 1
581 757 1
581 761 1
581 869 1
581 876 1
582 583 1
582 621 1
582 804 1
582 915 1
582 925 1
582 980 1
583 599 1
583 847 1
583 896 1
583 961 1
584 619 1
584 644 1
584 658 1
584 663 1
584 740 1
584 934 1
584 940 1
584 989 1
585 673 1
585 686 1
585 819 1
585 847 1
585 906 1
585 944 1
585 972 1
586 613 1
586 970 1
587 660 1
587 771 1
587 943 1
587 986 1
588 598 1
588 712 1
588 739 1
588 834 1
588 854 1
588 881 1
588 967 1
588 984 1
589 593 1
589 657 1
589 729 1
589 852 1
589 866 1
589 869 1
589 891 1
589 899 1
590 697 1
590 762 1
590 786 1
590 789 1
591 616 1
591 686 1
591 715 1
591 835 1
591 896 1
592 642 1
592 678 1
592 712 1
592 730 1
592 782 1
592 911 1
592 948 1
592 959 1
592 975 1
593 690 1
593 710 1
593 777 1
593 915 1
593 948 1
593 950 1
593 966 1
594 634 1
594 637 1
594 772 1
595 646 1
595 666 1
595 713 1
595 992 1
596 605 1
596 619 1
596 699 1
596 754 1
597 628 1
597 664 1
597 807 1
597 927 1
598 620 1
598 651 1
598 684 1
598 754 1
598 795 1
598 812 1
598 821 1
598 955 1
598 984 1
599 615 1
599 660 1
599 693 1
599 867 1
599 972 1
600 739 1
600 888 1
600 908 1
600 941 1
601 633 1
601 655 1
601 827 1
601 855 1
601 873 1
601 875 1
601 908 1
601 947 1
602 653 1
602 702 1
602 748 1
602 813 1
602 822 1
602 883 1
603 966 1
604 613 1
604 643 1
604 805 1
604 824 1
604 870 1
604 879 1
604 890 1
604 907 1
604 916 1
605 621 1
605 625 1
605 723 1
605 833 1
605 868 1
606 952 1
606 987 1
607 682 1
607 816 1
607 817 1
607 819 1
607 859 1
608 662 1
608 685 1
608 789 1
608 887 1
608 939 1
608 941 1
608 976 1
608 988 1
609 691 1
609 816 1
609 952 1
610 632 1
610 705 1
610 912 1
610 916 1
611 630 1
611 788 1
611 824 1
611 880 1
611 938 1
611 957 1
612 646 1
612 691 1
612 796 1
612 818 1
612 844 1
612 863 1
612 912 1
612 914 1
613 657 1
613 776 1
613 837 1
613 840 1
613 913 1
613 968 1
613 978 1
613 1000 1
614 628 1
614 685 1
614 697 1
614 739 1
614 816 1
615 647 1
615 656 1
615 746 1
615 785 1
615 929 1
615 956 1
615 999 1
616 665 1
616 669 1
616 780 1
616 852 1
616 951 1
617 661 1
617 837 1
617 877 1
617 963 1
618 669 1
618 783 1
618 907 1
618 919 1
618 992 1
619 645 1
619 717 1
619 800 1
620 634 1
620 642 1
620 671 1
620 677 1
620 694 1
620 714 1
620 732 1
620 841 1
620 862 1
620 899 1
620 995 1
621 723 1
621 844 1
621 920 1
622 913 1
623 718 1
623 771 1
623 789 1
623 909 1
623 963 1
624 677 1
624 709 1
624 750 1
624 783 1
624 860 1
624 866 1
624 910 1
625 719 1
625 724 1
625 865 1
625 882 1
625 884 1
625 924 1
625 970 1
626 653 1
626 736 1
626 806 1
626 850 1
627 711 1
627 716 1
627 817 1
627 921 1
627 966 1
628 640 1
628 824 1
629 741 1
629 989 1
630 649 1
630 669 1
630 758 1
630 785 1
630 826 1
630 837 1
631 663 1
631 761 1
631 797 1
631 804 1
631 805 1
632 635 1
632 641 1
632 795 1
632 973 1
633 709 1
633 749 1
633 802 1
633 850 1
633 911 1
633 955 1
634 696 1
634 743 1
634 846 1
634 854 1
634 903 1
634 974 1
635 670 1
635 722 1
635 856 1
635 953 1
635 987 1
636 640 1
636 693 1
636 874 1
636 937 1
637 782 1
637 798 1
637 890 1
637 973 1
638 646 1
638 851 1
638 875 1
639 849 1
639 871 1
639 918 1
639 931 1
640 641 1
640 697 1
640 904 1
640 917 1
641 675 1
641 758 1
642 647 1
642 650 1
642 679 1
642 772 1
642 813 1
643 892 1
643 922 1
643 965 1
643 991 1
644 887 1
644 906 1
645 705 1
645 802 1
645 818 1
645 830 1
646 692 1
646 819 1
646 882 1
646 908 1
646 932 1
646 940 1
647 775 1
647 827 1
647 865 1
647 877 1
647 901 1
647 922 1
648 682 1
648 716 1
648 877 1
648 909 1
648 950 1
648 974 1
649 684 1
649 910 1
649 913 1
649 925 1
649 941 1
649 989 1
650 695 1
650 830 1
650 834 1
650 947 1
651 777 1
651 936 1
651 951 1
651 997 1
652 687 1
652 723 1
652 860 1
652 926 1
653 720 1
653 721 1
653 744 1
653 780 1
653 791 1
653 996 1
654 765 1
654 811 1
654 922 1
654 934 1
655 747 1
655 749 1
655 855 1
655 912 1
655 963 1
658 718 1
659 895 1
659 930 1
660 699 1
660 845 1
660 975 1
661 776 1
661 806 1
661 820 1
662 728 1
662 824 1
662 835 1
662 866 1
662 954 1
663 774 1
663 814 1
663 947 1
663 963 1
664 676 1
664 710 1
664 771 1
664 774 1
664 796 1
664 855 1
664 889 1
664 928 1
665 766 1
665 985 1
666 810 1
666 838 1
667 679 1
667 764 1
667 873 1
667 983 1
668 690 1
668 699 1
668 763 1
668 959 1
668 984 1
669 803 1
669 831 1
669 957 1
670 680 1
670 688 1
670 770 1
670 836 1
670 842 1
670 994 1
671 777 1
671 781 1
671 797 1
671 894 1
671 930 1
672 674 1
672 705 1
673 775 1
673 838 1
673 906 1
673 925 1
673 962 1
674 696 1
674 716 1
674 770 1
674 808 1
674 852 1
674 949 1
674 965 1
674 986 1
675 779 1
675 791 1
675 811 1
675 967 1
675 976 1
676 924 1
677 806 1
677 825 1
677 886 1
677 912 1
677 949 1
678 716 1
678 741 1
678 809 1
678 832 1
678 874 1
678 875 1
678 1000 1
679 778 1
679 856 1
679 870 1
679 925 1
680 686 1
680 713 1
680 765 1
680 792 1
680 859 1
681 734 1
681 821 1
682 769 1
682 846 1
682 953 1
682 967 1
682 977 1
682 986 1
683 690 1
683 739 1
683 934 1
683 968 1
684 688 1
684 737 1
684 741 1
684 744 1
684 764 1
684 972 1
685 717 1
685 838 1
685 987 1
686 750 1
686 814 1
686 898 1
686 905 1
687 704 1
687 720 1
687 735 1
687 916 1
687 956 1
688 845 1
688 854 1
688 925 1
689 789 1
689 794 1
689 872 1
689 959 1
689 977 1
690 712 1
690 785 1
690 836 1
691 701 1
691 746 1
691 774 1
691 822 1
691 859 1
691 885 1
691 897 1
691 903 1
691 938 1
692 724 1
692 783 1
692 894 1
692 895 1
692 899 1
692 911 1
692 927 1
692 957 1
693 746 1
693 800 1
693 831 1
693 838 1
693 872 1
694 767 1
694 827 1
694 834 1
694 842 1
694 975 1
694 988 1
695 852 1
695 914 1
695 991 1
695 996 1
696 707 1
696 848 1
696 860 1
696 917 1
697 709 1
697 799 1
697 900 1
698 719 1
698 724 1
698 806 1
698 854 1
698 865 1
698 932 1
698 969 1
698 988 1
698 998 1
699 719 1
699 805 1
699 850 1
700 737 1
700 831 1
700 972 1
700 988 1
701 811 1
701 900 1
701 953 1
702 721 1
702 749 1
702 905 1
703 832 1
703 869 1
704 851 1
704 887 1
704 954 1
705 732 1
705 942 1
705 977 1
705 990 1
706 950 1
706 997 1
706 999 1
707 808 1
707 819 1
707 826 1
707 951 1
707 969 1
707 971 1
708 738 1
708 749 1
708 794 1
708 834 1
708 938 1
708 968 1
709 774 1
709 825 1
709 835 1
709 918 1
709 960 1
710 758 1
710 841 1
710 858 1
710 917 1
710 923 1
710 947 1
710 989 1
711 742 1
711 791 1
711 802 1
711 876 1
711 934 1
711 989 1
712 727 1
712 730 1
712 759 1
712 847 1
712 871 1
712 874 1
712 925 1
712 983 1
713 786 1
713 824 1
713 839 1
713 885 1
714 743 1
714 803 1
714 888 1
715 782 1
715 918 1
715 965 1
716 723 1
716 997 1
717 862 1
717 864 1
717 885 1
717 914 1
717 959 1
718 996 1
719 732 1
719 758 1
719 811 1
719 920 1
720 807 1
720 815 1
720 939 1
721 731 1
721 815 1
721 906 1
721 961 1
721 964 1
721 966 1
722 724 1
722 755 1
722 784 1
722 994 1
723 761 1
723 845 1
723 974 1
723 998 1
724 832 1
724 974 1
725 765 1
725 846 1
725 954 1
726 806 1
726 882 1
726 916 1
726 988 1
726 1000 1
727 752 1
727 805 1
727 831 1
727 882 1
727 889 1
728 787 1
728 865 1
728 981 1
729 756 1
729 757 1
729 784 1
729 802 1
729 823 1
729 963 1
730 761 1
730 837 1
730 932 1
730 984 1
731 773 1
732 745 1
732 781 1
732 933 1
732 954 1
733 867 1
733 875 1
733 883 1
734 798 1
734 809 1
734 826 1
734 895 1
735 736 1
735 835 1
736 797 1
736 818 1
736 837 1
736 885 1
736 887 1
736 916 1
736 948 1
737 898 1
738 904 1
739 858 1
739 893 1
739 911 1
740 807 1
740 832 1
740 833 1
740 856 1
741 791 1
741 799 1
741 908 1
741 935 1
742 757 1
742 773 1
742 969 1
743 808 1
743 844 1
744 796 1
744 834 1
744 855 1
745 767 1
745 788 1
745 806 1
745 812 1
746 963 1
747 772 1
747 835 1
747 922 1
747 938 1
748 867 1
748 915 1
748 963 1
749 858 1
749 915 1
749 935 1
749 956 1
749 989 1
749 998 1
750 766 1
750 770 1
750 906 1
750 964 1
751 803 1
751 861 1
751 898 1
751 906 1
752 758 1
752 779 1
752 957 1
753 759 1
753 761 1
753 762 1
753 764 1
753 768 1
753 786 1
753 919 1
754 837 1
754 992 1
755 894 1
755 904 1
756 921 1
756 926 1
757 775 1
758 808 1
758 818 1
758 886 1
758 913 1
758 938 1
758 965 1
758 970 1
759 983 1
760 826 1
760 846 1
760 970 1
761 793 1
761 808 1
761 842 1
761 898 1
761 902 1
761 921 1
762 816 1
762 918 1
763 796 1
763 851 1
763 882 1
763 924 1
763 935 1
763 957 1
764 848 1
764 978 1
764 990 1
765 792 1
765 844 1
766 774 1
766 988 1
766 999 1
767 805 1
767 881 1
767 938 1
768 904 1
769 817 1
769 860 1
769 887 1
770 773 1
771 800 1
771 802 1
772 813 1
772 816 1
772 834 1
772 881 1
772 895 1
772 910 1
773 788 1
773 868 1
773 937 1
774 826 1
774 849 1
774 956 1
774 966 1
775 790 1
775 845 1
775 860 1
775 875 1
775 916 1
775 945 1
775 948 1
776 869 1
776 900 1
777 846 1
777 848 1
777 883 1
777 984 1
778 869 1
778 902 1
779 981 1
780 922 1
780 973 1
781 805 1
781 953 1
782 936 1
782 990 1
783 879 1
783 930 1
783 935 1
783 962 1
784 927 1
785 799 1
785 804 1
785 872 1
785 890 1
785 909 1
786 800 1
786 801 1
786 843 1
787 788 1
787 817 1
787 866 1
787 871 1
787 909 1
788 812 1
788 853 1
789 942 1
789 960 1
790 796 1
791 889 1
791 909 1
791 929 1
791 941 1
792 848 1
792 957 1
793 840 1
793 932 1
794 978 1
794 985 1
795 881 1
795 917 1
796 862 1
796 937 1
796 979 1
797 907 1
798 855 1
798 872 1
798 957 1
798 981 1
799 811 1
799 833 1
800 838 1
800 839 1
800 908 1
800 953 1
801 819 1
801 853 1
802 991 1
803 824 1
803 825 1
803 914 1
804 832 1
804 896 1
805 896 1
805 975 1
805 994 1
806 913 1
806 953 1
806 960 1
807 810 1
807 825 1
807 852 1
807 858 1
807 932 1
808 816 1
808 841 1
808 880 1
809 944 1
810 837 1
810 839 1
810 892 1
810 924 1
811 848 1
811 887 1
812 857 1
812 863 1
812 877 1
813 956 1
815 826 1
815 830 1
816 874 1
817 881 1
817 893 1
817 980 1
818 881 1
818 950 1
818 982 1
819 860 1
819 951 1
820 979 1
821 894 1
821 899 1
821 990 1
822 908 1
823 878 1
823 901 1
824 952 1
824 980 1
824 982 1
824 997 1
825 843 1
825 884 1
825 940 1
825 945 1
826 829 1
826 869 1
826 971 1
827 892 1
827 943 1
828 850 1
828 962 1
829 892 1
829 955 1
829 999 1
830 835 1
830 853 1
830 931 1
831 870 1
831 935 1
831 982 1
832 889 1
833 871 1
833 924 1
833 949 1
834 835 1
834 942 1
834 962 1
834 976 1
834 995 1
835 998 1
836 923 1
837 997 1
838 842 1
838 893 1
838 981 1
839 892 1
839 945 1
841 855 1
841 927 1
841 997 1
843 952 1
843 991 1
844 884 1
844 932 1
845 859 1
845 864 1
845 925 1
845 938 1
845 986 1
845 999 1
846 847 1
846 899 1
846 964 1
846 977 1
846 987 1
847 896 1
847 920 1
848 890 1
850 853 1
851 904 1
851 970 1
852 902 1
853 947 1
853 952 1
854 863 1
854 891 1
854 896 1
854 897 1
854 916 1
854 924 1
855 963 1
856 910 1
856 1000 1
857 927 1
857 931 1
858 872 1
859 943 1
860 907 1
861 893 1
861 917 1
861 931 1
861 958 1
861 998 1
862 878 1
863 890 1
863 895 1
863 903 1
863 974 1
863 989 1
866 905 1
867 879 1
867 941 1
867 944 1
868 894 1
869 886 1
869 890 1
869 919 1
869 990 1
871 915 1
871 962 1
872 918 1
872 949 1
872 985 1
874 878 1
874 943 1
875 916 1
876 877 1
876 944 1
876 993 1
877 897 1
878 900 1
878 994 1
880 887 1
881 964 1
883 963 1
883 989 1
884 917 1
884 960 1
884 963 1
885 909 1
885 928 1
886 890 1
887 939 1
888 981 1
892 944 1
893 905 1
893 960 1
894 898 1
894 907 1
895 911 1
896 909 1
897 998 1
899 954 1
900 946 1
902 975 1
903 947 1
903 949 1
905 993 1
906 935 1
908 915 1
909 929 1
909 945 1
910 928 1
910 959 1
910 982 1
911 943 1
911 1000 1
912 971 1
913 914 1
913 967 1
913 979 1
914 953 1
917 949 1
918 978 1
920 975 1
920 986 1
923 924 1
924 978 1
925 946 1
925 951 1
928 941 1
929 944 1
929 977 1
930 983 1
932 933 1
936 955 1
936 993 1
937 984 1
938 996 1
941 990 1
941 993 1
942 983 1
943 944 1
943 968 1
943 984 1
944 958 1
944 999 1
945 968 1
945 989 1
946 969 1
947 994 1
948 954 1
949 962 1
950 969 1
952 971 1
953 958 1
961 973 1
968 992 1
978 982 1
980 984 1
984 990 1
