800 4661 
1 7 1
1 13 1
1 45 1
1 65 1
1 78 1
1 133 1
1 147 1
1 179 1
1 184 1
1 194 1
1 219 1
1 234 1
1 289 1
1 295 1
1 344 1
1 345 1
1 353 1
1 374 1
1 400 1
1 440 1
1 463 1
1 487 1
1 488 1
1 554 1
1 576 1
1 642 1
1 673 1
1 688 1
1 723 1
1 735 1
1 770 1
1 2 1
1 3 1
1 4 1
1 5 1
1 15 1
1 19 1
1 22 1
1 25 1
1 26 1
1 32 1
1 33 1
1 34 1
1 47 1
1 49 1
1 51 1
1 53 1
1 57 1
1 72 1
1 73 1
1 91 1
1 97 1
1 105 1
1 106 1
1 115 1
1 119 1
1 166 1
1 168 1
1 799 1
1 188 1
1 205 1
1 237 1
1 314 1
1 318 1
1 322 1
1 334 1
1 370 1
1 413 1
1 477 1
1 508 1
1 518 1
1 543 1
1 548 1
1 558 1
1 708 1
1 715 1
1 742 1
1 783 1
2 5 1
2 6 1
2 7 1
2 8 1
2 11 1
2 14 1
2 16 1
2 23 1
2 24 1
2 26 1
2 28 1
2 32 1
2 35 1
2 36 1
2 40 1
2 48 1
2 58 1
2 64 1
2 76 1
2 83 1
2 94 1
2 101 1
2 114 1
2 125 1
2 128 1
2 148 1
2 165 1
2 203 1
2 219 1
2 220 1
2 223 1
2 239 1
2 244 1
2 290 1
2 298 1
2 305 1
2 306 1
2 314 1
2 326 1
2 350 1
2 356 1
2 369 1
2 384 1
2 417 1
2 427 1
2 433 1
2 454 1
2 525 1
2 548 1
2 550 1
2 555 1
2 576 1
2 584 1
2 588 1
2 591 1
2 600 1
2 636 1
2 690 1
2 709 1
2 726 1
2 733 1
2 736 1
2 757 1
2 768 1
2 3 1
2 4 1
2 38 1
2 47 1
2 63 1
2 67 1
2 74 1
2 86 1
2 152 1
2 174 1
2 196 1
2 796 1
2 368 1
2 403 1
2 481 1
2 493 1
2 611 1
2 721 1
2 729 1
2 793 1
2 783 1
3 32 1
3 33 1
3 49 1
3 147 1
3 168 1
3 185 1
3 194 1
3 198 1
3 227 1
3 298 1
3 371 1
3 433 1
3 527 1
3 608 1
3 633 1
3 656 1
3 674 1
3 4 1
3 5 1
3 6 1
3 9 1
3 10 1
3 14 1
3 17 1
3 19 1
3 20 1
3 23 1
3 24 1
3 26 1
3 38 1
3 41 1
3 43 1
3 45 1
3 50 1
3 55 1
3 60 1
3 62 1
3 63 1
3 65 1
3 80 1
3 86 1
3 92 1
3 95 1
3 101 1
3 109 1
3 111 1
3 126 1
3 141 1
3 149 1
3 158 1
3 165 1
3 167 1
3 171 1
3 172 1
3 206 1
3 210 1
3 226 1
3 259 1
3 261 1
3 266 1
3 277 1
3 301 1
3 325 1
3 349 1
3 391 1
3 395 1
3 406 1
3 413 1
3 432 1
3 440 1
3 462 1
3 479 1
3 517 1
3 529 1
3 555 1
3 561 1
3 610 1
3 641 1
3 668 1
3 669 1
3 686 1
3 687 1
3 700 1
3 703 1
3 721 1
3 732 1
3 742 1
4 9 1
4 10 1
4 17 1
4 18 1
4 22 1
4 23 1
4 24 1
4 27 1
4 28 1
4 29 1
4 32 1
4 33 1
4 54 1
4 85 1
4 86 1
4 99 1
4 106 1
4 119 1
4 123 1
4 127 1
4 139 1
4 140 1
4 146 1
4 147 1
4 163 1
4 176 1
4 177 1
4 179 1
4 191 1
4 199 1
4 212 1
4 214 1
4 797 1
4 241 1
4 247 1
4 260 1
4 261 1
4 268 1
4 284 1
4 288 1
4 314 1
4 326 1
4 360 1
4 362 1
4 373 1
4 375 1
4 377 1
4 378 1
4 389 1
4 399 1
4 402 1
4 407 1
4 408 1
4 409 1
4 412 1
4 434 1
4 446 1
4 455 1
4 463 1
4 497 1
4 511 1
4 525 1
4 541 1
4 552 1
4 557 1
4 564 1
4 577 1
4 582 1
4 608 1
4 616 1
4 621 1
4 643 1
4 669 1
4 674 1
4 676 1
4 680 1
4 681 1
4 700 1
4 734 1
4 764 1
4 774 1
4 5 1
4 6 1
4 7 1
4 8 1
4 12 1
4 15 1
4 21 1
4 38 1
4 47 1
4 48 1
4 51 1
4 92 1
4 100 1
4 125 1
4 149 1
4 152 1
4 156 1
4 170 1
4 174 1
4 175 1
4 189 1
4 196 1
4 237 1
4 275 1
4 281 1
4 356 1
4 403 1
4 442 1
4 449 1
4 477 1
4 505 1
4 507 1
4 512 1
4 595 1
4 637 1
4 728 1
4 729 1
5 8 1
5 13 1
5 14 1
5 20 1
5 25 1
5 27 1
5 35 1
5 40 1
5 42 1
5 44 1
5 45 1
5 47 1
5 50 1
5 76 1
5 77 1
5 91 1
5 92 1
5 107 1
5 112 1
5 152 1
5 187 1
5 200 1
5 210 1
5 213 1
5 215 1
5 243 1
5 251 1
5 264 1
5 267 1
5 270 1
5 278 1
5 293 1
5 309 1
5 342 1
5 349 1
5 355 1
5 367 1
5 383 1
5 430 1
5 435 1
5 452 1
5 463 1
5 526 1
5 531 1
5 592 1
5 622 1
5 640 1
5 648 1
5 702 1
5 746 1
5 775 1
5 6 1
5 7 1
5 9 1
5 11 1
5 15 1
5 16 1
5 17 1
5 19 1
5 21 1
5 22 1
5 31 1
5 37 1
5 43 1
5 48 1
5 52 1
5 55 1
5 58 1
5 61 1
5 69 1
5 72 1
5 73 1
5 83 1
5 85 1
5 98 1
5 104 1
5 115 1
5 127 1
5 155 1
5 160 1
5 162 1
5 170 1
5 172 1
5 184 1
5 228 1
5 291 1
5 353 1
5 356 1
5 366 1
5 370 1
5 404 1
5 422 1
5 440 1
5 453 1
5 462 1
5 465 1
5 478 1
5 482 1
5 484 1
5 494 1
5 496 1
5 514 1
5 533 1
5 583 1
5 626 1
5 627 1
5 649 1
5 659 1
5 674 1
5 680 1
5 696 1
5 706 1
5 712 1
5 739 1
5 762 1
5 765 1
6 17 1
6 23 1
6 51 1
6 57 1
6 59 1
6 62 1
6 63 1
6 69 1
6 89 1
6 106 1
6 110 1
6 111 1
6 128 1
6 188 1
6 190 1
6 195 1
6 216 1
6 240 1
6 249 1
6 268 1
6 273 1
6 275 1
6 277 1
6 287 1
6 301 1
6 334 1
6 373 1
6 422 1
6 499 1
6 559 1
6 581 1
6 597 1
6 606 1
6 615 1
6 644 1
6 645 1
6 652 1
6 662 1
6 703 1
6 713 1
6 717 1
6 739 1
6 759 1
6 769 1
6 7 1
6 8 1
6 9 1
6 10 1
6 11 1
6 14 1
6 16 1
6 18 1
6 20 1
6 24 1
6 27 1
6 28 1
6 29 1
6 30 1
6 35 1
6 36 1
6 39 1
6 42 1
6 44 1
6 46 1
6 50 1
6 54 1
6 58 1
6 64 1
6 70 1
6 71 1
6 84 1
6 88 1
6 90 1
6 92 1
6 93 1
6 99 1
6 103 1
6 107 1
6 108 1
6 113 1
6 121 1
6 122 1
6 127 1
6 129 1
6 130 1
6 131 1
6 138 1
6 140 1
6 150 1
6 153 1
6 178 1
6 187 1
6 193 1
6 207 1
6 214 1
6 220 1
6 222 1
6 223 1
6 224 1
6 229 1
6 231 1
6 243 1
6 244 1
6 247 1
6 252 1
6 257 1
6 267 1
6 281 1
6 289 1
6 326 1
6 340 1
6 341 1
6 343 1
6 351 1
6 352 1
6 357 1
6 360 1
6 369 1
6 382 1
6 392 1
6 396 1
6 408 1
6 415 1
6 427 1
6 429 1
6 432 1
6 437 1
6 472 1
6 492 1
6 516 1
6 522 1
6 546 1
6 550 1
6 552 1
6 567 1
6 584 1
6 587 1
6 591 1
6 608 1
6 794 1
6 613 1
6 629 1
6 637 1
6 654 1
6 672 1
6 693 1
6 695 1
6 728 1
6 733 1
7 20 1
7 25 1
7 44 1
7 50 1
7 64 1
7 121 1
7 133 1
7 148 1
7 154 1
7 219 1
7 230 1
7 355 1
7 430 1
7 504 1
7 670 1
7 765 1
7 8 1
7 11 1
7 12 1
7 13 1
7 18 1
7 21 1
7 30 1
7 37 1
7 98 1
7 99 1
7 130 1
7 220 1
7 234 1
7 333 1
7 338 1
7 442 1
7 527 1
7 530 1
7 575 1
7 631 1
7 695 1
7 733 1
8 11 1
8 14 1
8 16 1
8 25 1
8 31 1
8 37 1
8 38 1
8 41 1
8 55 1
8 68 1
8 796 1
8 70 1
8 71 1
8 72 1
8 80 1
8 97 1
8 117 1
8 131 1
8 135 1
8 138 1
8 142 1
8 145 1
8 153 1
8 159 1
8 174 1
8 200 1
8 206 1
8 226 1
8 246 1
8 252 1
8 264 1
8 269 1
8 280 1
8 300 1
8 304 1
8 310 1
8 372 1
8 387 1
8 403 1
8 405 1
8 423 1
8 448 1
8 486 1
8 490 1
8 494 1
8 496 1
8 503 1
8 504 1
8 507 1
8 634 1
8 635 1
8 659 1
8 665 1
8 709 1
8 715 1
8 716 1
8 740 1
8 751 1
8 752 1
8 754 1
8 779 1
8 786 1
8 12 1
8 18 1
8 28 1
8 36 1
8 108 1
8 177 1
8 218 1
8 222 1
8 244 1
8 284 1
8 392 1
8 575 1
8 600 1
8 603 1
8 637 1
8 737 1
9 15 1
9 21 1
9 66 1
9 99 1
9 123 1
9 161 1
9 199 1
9 215 1
9 257 1
9 482 1
9 621 1
9 627 1
9 10 1
9 16 1
9 17 1
9 35 1
9 41 1
9 52 1
9 64 1
9 69 1
9 71 1
9 76 1
9 78 1
9 83 1
9 87 1
9 95 1
9 102 1
9 118 1
9 137 1
9 154 1
9 213 1
9 221 1
9 258 1
9 264 1
9 287 1
9 293 1
9 294 1
9 309 1
9 326 1
9 336 1
9 354 1
9 369 1
9 397 1
9 435 1
9 513 1
9 526 1
9 568 1
9 571 1
9 586 1
9 588 1
9 700 1
9 726 1
9 748 1
10 17 1
10 52 1
10 57 1
10 86 1
10 87 1
10 99 1
10 126 1
10 134 1
10 136 1
10 161 1
10 176 1
10 181 1
10 190 1
10 212 1
10 228 1
10 257 1
10 292 1
10 333 1
10 337 1
10 497 1
10 540 1
10 574 1
10 578 1
10 595 1
10 696 1
10 714 1
10 719 1
10 722 1
10 737 1
10 14 1
10 46 1
10 54 1
10 71 1
10 79 1
10 82 1
10 95 1
10 193 1
10 223 1
10 254 1
10 270 1
10 306 1
10 340 1
10 351 1
10 411 1
10 588 1
10 745 1
10 790 1
11 12 1
11 36 1
11 38 1
11 61 1
11 64 1
11 70 1
11 93 1
11 121 1
11 135 1
11 171 1
11 203 1
11 220 1
11 230 1
11 242 1
11 299 1
11 306 1
11 348 1
11 356 1
11 421 1
11 441 1
11 509 1
11 537 1
11 544 1
11 614 1
11 666 1
11 755 1
11 765 1
11 783 1
11 37 1
11 99 1
11 247 1
11 253 1
11 291 1
11 333 1
11 338 1
11 347 1
11 553 1
11 631 1
11 782 1
12 68 1
12 93 1
12 121 1
12 153 1
12 280 1
12 325 1
12 504 1
12 614 1
12 666 1
12 13 1
12 575 1
13 19 1
13 20 1
13 53 1
13 77 1
13 133 1
13 156 1
13 205 1
13 285 1
13 420 1
13 488 1
13 531 1
13 622 1
13 642 1
13 442 1
14 16 1
14 26 1
14 34 1
14 48 1
14 58 1
14 100 1
14 101 1
14 103 1
14 107 1
14 145 1
14 157 1
14 200 1
14 213 1
14 221 1
14 293 1
14 304 1
14 305 1
14 313 1
14 340 1
14 343 1
14 384 1
14 436 1
14 442 1
14 453 1
14 532 1
14 549 1
14 611 1
14 634 1
14 667 1
14 675 1
14 747 1
14 792 1
14 20 1
14 23 1
14 27 1
14 39 1
14 40 1
14 46 1
14 70 1
14 110 1
14 112 1
14 120 1
14 131 1
14 147 1
14 165 1
14 169 1
14 197 1
14 224 1
14 246 1
14 268 1
14 286 1
14 352 1
14 355 1
14 364 1
14 378 1
14 398 1
14 450 1
14 452 1
14 467 1
14 480 1
14 522 1
14 701 1
14 725 1
14 727 1
14 753 1
14 766 1
14 778 1
15 21 1
15 43 1
15 66 1
15 79 1
15 91 1
15 123 1
15 172 1
15 175 1
15 183 1
15 232 1
15 253 1
15 261 1
15 309 1
15 329 1
15 357 1
15 375 1
15 408 1
15 415 1
15 447 1
15 451 1
15 468 1
15 515 1
15 521 1
15 539 1
15 580 1
15 619 1
15 746 1
15 22 1
15 25 1
15 31 1
15 34 1
15 49 1
15 81 1
15 114 1
15 160 1
15 170 1
15 200 1
15 241 1
15 262 1
15 288 1
15 318 1
15 322 1
15 385 1
15 390 1
15 400 1
15 424 1
15 463 1
15 496 1
15 497 1
15 569 1
15 574 1
15 583 1
15 593 1
15 795 1
15 653 1
16 26 1
16 34 1
16 100 1
16 131 1
16 160 1
16 290 1
16 310 1
16 324 1
16 328 1
16 392 1
16 413 1
16 428 1
16 456 1
16 636 1
16 709 1
16 725 1
16 35 1
16 44 1
16 58 1
16 59 1
16 66 1
16 69 1
16 87 1
16 93 1
16 94 1
16 96 1
16 102 1
16 150 1
16 154 1
16 176 1
16 195 1
16 215 1
16 271 1
16 294 1
16 297 1
16 303 1
16 323 1
16 377 1
16 389 1
16 465 1
16 550 1
16 562 1
16 607 1
16 614 1
16 650 1
16 660 1
16 661 1
16 730 1
16 770 1
17 18 1
17 30 1
17 46 1
17 69 1
17 75 1
17 84 1
17 86 1
17 108 1
17 134 1
17 136 1
17 140 1
17 146 1
17 222 1
17 229 1
17 288 1
17 319 1
17 352 1
17 401 1
17 540 1
17 571 1
17 578 1
17 737 1
17 790 1
17 41 1
17 43 1
17 45 1
17 52 1
17 104 1
17 109 1
17 123 1
17 141 1
17 162 1
17 206 1
17 216 1
17 221 1
17 301 1
17 320 1
17 327 1
17 328 1
17 404 1
17 431 1
17 435 1
17 448 1
17 556 1
17 594 1
17 798 1
17 667 1
17 739 1
17 771 1
17 786 1
18 51 1
18 56 1
18 59 1
18 60 1
18 74 1
18 75 1
18 96 1
18 106 1
18 111 1
18 119 1
18 120 1
18 140 1
18 162 1
18 163 1
18 250 1
18 307 1
18 317 1
18 800 1
18 364 1
18 388 1
18 416 1
18 460 1
18 466 1
18 499 1
18 500 1
18 577 1
18 606 1
18 663 1
18 717 1
18 789 1
18 791 1
18 28 1
18 29 1
18 30 1
18 84 1
18 113 1
18 129 1
18 145 1
18 173 1
18 177 1
18 190 1
18 194 1
18 265 1
18 315 1
18 417 1
18 425 1
18 433 1
18 446 1
18 459 1
18 502 1
18 542 1
18 620 1
18 673 1
18 710 1
18 751 1
18 764 1
19 45 1
19 53 1
19 77 1
19 78 1
19 92 1
19 104 1
19 156 1
19 187 1
19 251 1
19 263 1
19 285 1
19 327 1
19 354 1
19 382 1
19 400 1
19 420 1
19 445 1
19 472 1
19 512 1
19 554 1
19 560 1
19 569 1
19 594 1
19 631 1
19 711 1
19 744 1
19 748 1
19 26 1
19 32 1
19 65 1
19 68 1
19 72 1
19 85 1
19 105 1
19 106 1
19 132 1
19 136 1
19 143 1
19 158 1
19 161 1
19 188 1
19 240 1
19 278 1
19 310 1
19 335 1
19 405 1
19 414 1
19 440 1
19 475 1
19 491 1
19 652 1
19 670 1
19 688 1
19 703 1
19 773 1
19 784 1
20 355 1
20 23 1
20 24 1
20 27 1
20 88 1
20 110 1
20 111 1
20 112 1
20 227 1
20 296 1
20 346 1
20 598 1
20 610 1
20 675 1
21 43 1
21 79 1
21 183 1
21 215 1
21 248 1
21 339 1
21 357 1
21 470 1
21 477 1
21 627 1
21 743 1
21 48 1
21 98 1
21 125 1
21 234 1
21 260 1
21 298 1
21 509 1
21 527 1
21 791 1
22 27 1
22 85 1
22 172 1
22 175 1
22 178 1
22 193 1
22 232 1
22 309 1
22 323 1
22 361 1
22 363 1
22 389 1
22 407 1
22 409 1
22 425 1
22 493 1
22 685 1
22 25 1
22 31 1
22 33 1
22 57 1
22 73 1
22 114 1
22 116 1
22 119 1
22 128 1
22 151 1
22 155 1
22 200 1
22 209 1
22 241 1
22 249 1
22 256 1
22 290 1
22 304 1
22 313 1
22 400 1
22 420 1
22 422 1
22 453 1
22 473 1
22 506 1
22 539 1
22 582 1
22 630 1
22 679 1
22 689 1
22 709 1
22 749 1
23 24 1
23 29 1
23 39 1
23 63 1
23 88 1
23 114 1
23 116 1
23 128 1
23 177 1
23 188 1
23 191 1
23 195 1
23 196 1
23 277 1
23 330 1
23 360 1
23 369 1
23 376 1
23 390 1
23 446 1
23 476 1
23 559 1
23 629 1
23 706 1
23 718 1
23 781 1
23 782 1
23 110 1
23 111 1
23 165 1
23 227 1
23 238 1
23 346 1
23 398 1
23 598 1
23 651 1
23 668 1
23 686 1
24 28 1
24 54 1
24 114 1
24 116 1
24 125 1
24 144 1
24 177 1
24 209 1
24 214 1
24 260 1
24 276 1
24 476 1
24 505 1
24 682 1
24 684 1
24 50 1
24 62 1
24 88 1
24 107 1
24 180 1
24 199 1
24 210 1
24 233 1
24 250 1
24 474 1
24 479 1
24 601 1
24 610 1
24 705 1
25 31 1
25 37 1
25 44 1
25 71 1
25 72 1
25 95 1
25 142 1
25 799 1
25 206 1
25 210 1
25 237 1
25 252 1
25 410 1
25 585 1
25 665 1
25 745 1
25 33 1
25 34 1
25 114 1
25 116 1
25 128 1
25 249 1
25 282 1
25 288 1
25 334 1
25 385 1
25 420 1
25 460 1
25 548 1
25 573 1
25 681 1
25 776 1
26 34 1
26 48 1
26 103 1
26 221 1
26 225 1
26 290 1
26 303 1
26 324 1
26 543 1
26 32 1
26 65 1
26 68 1
26 117 1
26 126 1
26 132 1
26 136 1
26 143 1
26 186 1
26 235 1
26 273 1
26 292 1
26 405 1
26 413 1
26 414 1
26 664 1
26 741 1
27 389 1
27 643 1
27 689 1
27 39 1
27 40 1
27 56 1
27 146 1
27 182 1
27 268 1
27 286 1
27 461 1
27 560 1
27 567 1
28 54 1
28 125 1
28 144 1
28 209 1
28 223 1
28 314 1
28 734 1
28 29 1
28 36 1
28 42 1
28 75 1
28 103 1
28 122 1
28 177 1
28 218 1
28 464 1
28 502 1
28 546 1
28 737 1
29 39 1
29 373 1
29 42 1
29 75 1
29 84 1
29 140 1
29 148 1
29 194 1
29 217 1
29 251 1
29 307 1
29 464 1
29 468 1
29 683 1
30 51 1
30 56 1
30 60 1
30 69 1
30 75 1
30 84 1
30 98 1
30 110 1
30 120 1
30 137 1
30 201 1
30 334 1
30 401 1
30 498 1
30 589 1
30 733 1
31 71 1
31 81 1
31 132 1
31 210 1
31 237 1
31 331 1
31 383 1
31 403 1
31 483 1
31 517 1
31 155 1
31 160 1
31 241 1
31 256 1
31 290 1
31 424 1
32 33 1
32 49 1
32 67 1
32 168 1
32 247 1
32 282 1
32 298 1
32 402 1
32 479 1
32 492 1
32 694 1
32 768 1
32 68 1
32 106 1
32 117 1
32 161 1
32 163 1
32 232 1
32 236 1
32 248 1
32 273 1
32 300 1
32 383 1
32 518 1
33 49 1
33 67 1
33 82 1
33 90 1
33 143 1
33 149 1
33 155 1
33 192 1
33 202 1
33 247 1
33 294 1
33 359 1
33 475 1
33 492 1
33 530 1
33 556 1
33 628 1
33 641 1
33 656 1
33 674 1
33 700 1
33 738 1
33 57 1
33 209 1
33 334 1
33 535 1
33 681 1
34 100 1
34 103 1
34 543 1
34 792 1
34 49 1
34 81 1
34 288 1
34 548 1
34 558 1
34 574 1
34 648 1
35 40 1
35 42 1
35 47 1
35 109 1
35 165 1
35 244 1
35 278 1
35 526 1
35 558 1
35 44 1
35 59 1
35 64 1
35 66 1
35 78 1
35 121 1
35 133 1
35 137 1
35 153 1
35 154 1
35 157 1
35 164 1
35 191 1
35 201 1
35 269 1
35 332 1
35 367 1
35 503 1
35 513 1
35 566 1
35 579 1
35 623 1
35 665 1
35 718 1
35 743 1
35 787 1
36 38 1
36 41 1
36 55 1
36 61 1
36 97 1
36 113 1
36 220 1
36 246 1
36 255 1
36 348 1
36 398 1
36 421 1
36 520 1
36 542 1
36 639 1
36 650 1
36 686 1
36 108 1
36 122 1
36 207 1
36 360 1
36 430 1
36 532 1
36 580 1
36 603 1
36 613 1
36 621 1
36 737 1
37 142 1
37 226 1
37 410 1
37 715 1
37 291 1
37 333 1
37 347 1
37 553 1
37 694 1
38 41 1
38 61 1
38 70 1
38 117 1
38 118 1
38 138 1
38 509 1
38 699 1
38 63 1
38 67 1
38 74 1
38 77 1
38 80 1
38 100 1
38 149 1
38 239 1
38 275 1
38 277 1
38 350 1
38 368 1
38 439 1
38 449 1
38 470 1
38 481 1
38 545 1
38 612 1
38 666 1
38 717 1
38 758 1
38 780 1
39 63 1
39 40 1
39 56 1
39 70 1
39 120 1
39 159 1
39 181 1
39 182 1
39 211 1
39 212 1
39 214 1
39 255 1
39 343 1
39 374 1
39 437 1
39 458 1
39 499 1
39 538 1
39 540 1
39 541 1
39 560 1
39 639 1
39 735 1
40 47 1
40 76 1
40 109 1
40 165 1
40 189 1
40 217 1
40 236 1
40 452 1
40 558 1
40 702 1
40 760 1
40 56 1
40 146 1
40 181 1
40 268 1
40 355 1
40 458 1
40 504 1
40 564 1
41 55 1
41 80 1
41 113 1
41 255 1
41 269 1
41 300 1
41 387 1
41 507 1
41 528 1
41 710 1
41 45 1
41 171 1
41 435 1
41 444 1
41 594 1
41 700 1
42 278 1
42 739 1
42 75 1
42 103 1
42 140 1
42 148 1
42 794 1
42 683 1
42 750 1
43 79 1
43 91 1
43 521 1
43 743 1
43 55 1
43 60 1
43 61 1
43 104 1
43 141 1
43 274 1
43 328 1
43 362 1
43 448 1
43 556 1
43 596 1
43 604 1
43 657 1
43 752 1
43 772 1
44 50 1
44 112 1
44 154 1
44 349 1
44 368 1
44 546 1
44 638 1
44 648 1
44 670 1
44 731 1
44 59 1
44 94 1
44 135 1
44 150 1
44 153 1
44 164 1
44 242 1
44 297 1
44 381 1
44 516 1
44 557 1
44 562 1
44 587 1
44 650 1
44 759 1
44 763 1
45 78 1
45 104 1
45 130 1
45 184 1
45 251 1
45 344 1
45 592 1
45 109 1
45 123 1
45 171 1
45 225 1
45 230 1
45 399 1
45 406 1
45 444 1
45 589 1
45 594 1
45 635 1
45 671 1
46 52 1
46 57 1
46 62 1
46 87 1
46 105 1
46 150 1
46 173 1
46 281 1
46 287 1
46 292 1
46 333 1
46 337 1
46 450 1
46 465 1
46 574 1
46 54 1
46 79 1
46 82 1
46 89 1
46 90 1
46 124 1
46 131 1
46 147 1
46 219 1
46 229 1
46 246 1
46 331 1
46 382 1
46 415 1
46 800 1
46 467 1
46 501 1
46 577 1
46 638 1
46 662 1
46 701 1
46 725 1
46 769 1
46 788 1
47 109 1
47 164 1
47 189 1
47 258 1
47 452 1
47 753 1
47 778 1
47 51 1
47 53 1
47 91 1
47 156 1
47 168 1
47 174 1
47 202 1
47 204 1
47 208 1
47 314 1
47 337 1
47 359 1
47 443 1
47 677 1
47 779 1
47 783 1
48 58 1
48 83 1
48 94 1
48 124 1
48 158 1
48 182 1
48 224 1
48 238 1
48 254 1
48 265 1
48 318 1
48 457 1
48 471 1
48 510 1
48 522 1
48 555 1
48 604 1
48 693 1
48 750 1
48 125 1
48 356 1
48 507 1
48 595 1
48 643 1
48 696 1
49 67 1
49 82 1
49 90 1
49 149 1
49 155 1
49 168 1
49 170 1
49 185 1
49 202 1
49 227 1
49 245 1
49 282 1
49 286 1
49 302 1
49 312 1
49 338 1
49 479 1
49 489 1
49 617 1
49 620 1
49 628 1
49 633 1
49 707 1
49 81 1
49 262 1
49 318 1
49 558 1
49 715 1
50 112 1
50 152 1
50 154 1
50 270 1
50 368 1
50 430 1
50 546 1
50 562 1
50 62 1
50 517 1
50 669 1
51 56 1
51 59 1
51 74 1
51 110 1
51 115 1
51 162 1
51 201 1
51 250 1
51 466 1
51 485 1
51 498 1
51 572 1
51 613 1
51 53 1
51 156 1
51 166 1
51 237 1
51 359 1
51 402 1
51 779 1
52 134 1
52 337 1
52 696 1
52 76 1
52 162 1
52 221 1
52 258 1
52 287 1
52 312 1
52 327 1
52 380 1
52 568 1
52 747 1
52 786 1
53 65 1
53 73 1
53 285 1
53 386 1
53 91 1
53 97 1
53 166 1
53 202 1
53 205 1
53 319 1
53 456 1
53 508 1
53 531 1
53 554 1
53 677 1
53 779 1
54 144 1
54 260 1
54 682 1
54 79 1
54 90 1
54 124 1
54 139 1
54 179 1
54 306 1
54 498 1
55 97 1
55 113 1
55 269 1
55 503 1
55 639 1
55 60 1
55 61 1
55 167 1
55 172 1
55 228 1
55 274 1
55 362 1
55 419 1
55 626 1
56 60 1
56 96 1
56 98 1
56 102 1
56 162 1
56 167 1
56 283 1
56 381 1
56 396 1
56 498 1
56 610 1
56 663 1
56 721 1
56 730 1
56 763 1
56 780 1
56 146 1
56 181 1
56 211 1
56 461 1
56 564 1
57 62 1
57 87 1
57 105 1
57 126 1
57 173 1
57 190 1
57 233 1
57 249 1
57 332 1
57 422 1
57 652 1
57 657 1
57 703 1
57 209 1
57 535 1
58 83 1
58 101 1
58 124 1
58 157 1
58 158 1
58 224 1
58 231 1
58 254 1
58 315 1
58 340 1
58 457 1
58 522 1
58 567 1
58 579 1
58 584 1
58 600 1
58 727 1
58 750 1
58 93 1
58 96 1
58 127 1
58 134 1
58 138 1
58 185 1
58 192 1
58 353 1
58 408 1
58 576 1
58 614 1
59 74 1
59 111 1
59 115 1
59 274 1
59 296 1
59 307 1
59 789 1
59 66 1
59 94 1
59 133 1
59 135 1
59 164 1
59 176 1
59 201 1
59 302 1
59 321 1
59 332 1
59 361 1
59 375 1
59 401 1
59 418 1
59 441 1
59 476 1
59 503 1
59 544 1
59 557 1
59 572 1
59 609 1
59 616 1
59 624 1
59 644 1
59 645 1
59 684 1
59 738 1
59 740 1
59 774 1
60 96 1
60 98 1
60 102 1
60 120 1
60 129 1
60 137 1
60 271 1
60 311 1
60 351 1
60 388 1
60 396 1
60 500 1
60 589 1
60 612 1
60 647 1
60 730 1
60 167 1
60 226 1
60 266 1
60 299 1
60 391 1
60 687 1
61 421 1
61 509 1
61 699 1
61 755 1
61 783 1
61 274 1
62 173 1
62 249 1
62 281 1
62 287 1
62 450 1
62 180 1
62 233 1
62 250 1
62 517 1
63 88 1
63 89 1
63 67 1
63 80 1
63 86 1
63 349 1
63 350 1
63 373 1
63 500 1
63 611 1
63 691 1
64 148 1
64 203 1
64 230 1
64 239 1
64 544 1
64 565 1
64 623 1
64 736 1
64 762 1
64 78 1
64 118 1
64 121 1
64 144 1
64 183 1
64 191 1
64 326 1
64 336 1
64 342 1
64 354 1
64 429 1
64 436 1
64 592 1
64 698 1
64 722 1
64 743 1
64 754 1
64 787 1
65 73 1
65 374 1
65 386 1
65 534 1
65 126 1
65 136 1
65 158 1
65 325 1
65 395 1
65 491 1
65 640 1
65 664 1
66 357 1
66 515 1
66 133 1
66 302 1
66 321 1
67 82 1
67 143 1
67 170 1
67 282 1
67 449 1
67 489 1
67 492 1
67 556 1
67 677 1
67 707 1
67 74 1
67 545 1
67 611 1
67 612 1
67 758 1
68 93 1
68 135 1
68 153 1
68 171 1
68 242 1
68 325 1
68 365 1
68 441 1
68 448 1
68 514 1
68 752 1
68 117 1
68 132 1
68 161 1
68 163 1
68 383 1
68 784 1
69 84 1
69 108 1
69 141 1
69 186 1
69 235 1
69 240 1
69 272 1
69 279 1
69 341 1
69 352 1
69 414 1
69 432 1
69 458 1
69 469 1
69 501 1
69 573 1
69 790 1
69 83 1
69 87 1
69 264 1
69 465 1
69 526 1
70 120 1
70 159 1
70 197 1
70 212 1
70 329 1
70 343 1
70 352 1
70 639 1
70 663 1
70 735 1
71 72 1
71 81 1
71 95 1
71 122 1
71 132 1
71 151 1
71 159 1
71 180 1
71 291 1
71 297 1
71 308 1
71 336 1
71 379 1
71 403 1
71 405 1
71 483 1
71 486 1
71 538 1
71 570 1
71 585 1
71 745 1
71 761 1
71 776 1
71 193 1
71 584 1
71 716 1
72 159 1
72 206 1
72 379 1
72 393 1
72 585 1
72 85 1
72 105 1
72 184 1
72 240 1
72 276 1
72 310 1
72 365 1
72 370 1
72 475 1
72 478 1
72 489 1
72 495 1
72 524 1
72 536 1
72 602 1
72 773 1
72 775 1
73 374 1
73 386 1
73 491 1
73 115 1
73 119 1
73 151 1
73 280 1
73 316 1
73 366 1
73 422 1
73 533 1
73 581 1
73 582 1
73 708 1
73 709 1
74 115 1
74 250 1
74 274 1
74 296 1
74 370 1
74 485 1
74 613 1
74 789 1
74 77 1
74 239 1
74 368 1
74 780 1
75 464 1
76 702 1
76 775 1
76 258 1
76 397 1
76 747 1
77 92 1
77 156 1
77 382 1
77 435 1
77 473 1
77 531 1
77 568 1
77 712 1
77 239 1
77 545 1
78 104 1
78 130 1
78 184 1
78 207 1
78 289 1
78 295 1
78 400 1
78 440 1
78 524 1
78 547 1
78 631 1
78 748 1
78 118 1
78 137 1
78 144 1
78 157 1
78 213 1
78 245 1
78 309 1
78 339 1
78 436 1
78 445 1
78 454 1
78 537 1
78 692 1
78 722 1
78 755 1
79 183 1
79 248 1
79 262 1
79 415 1
79 521 1
79 539 1
79 743 1
79 82 1
79 89 1
79 219 1
79 254 1
79 270 1
79 306 1
79 344 1
79 411 1
79 455 1
79 498 1
79 501 1
79 577 1
79 597 1
79 789 1
80 117 1
80 118 1
80 174 1
80 300 1
80 494 1
80 658 1
80 710 1
80 277 1
80 349 1
80 350 1
80 373 1
80 439 1
80 500 1
80 529 1
81 95 1
81 122 1
81 132 1
81 218 1
81 237 1
81 297 1
81 331 1
81 618 1
81 262 1
81 390 1
81 463 1
82 90 1
82 143 1
82 170 1
82 302 1
82 359 1
82 449 1
82 523 1
82 620 1
82 677 1
82 89 1
82 254 1
82 344 1
82 348 1
82 662 1
83 94 1
83 124 1
83 182 1
83 208 1
83 238 1
83 366 1
83 427 1
83 461 1
83 513 1
83 516 1
83 584 1
83 727 1
83 264 1
83 627 1
84 401 1
84 113 1
84 145 1
84 173 1
84 187 1
84 217 1
84 265 1
84 283 1
84 371 1
84 425 1
84 433 1
84 472 1
84 486 1
84 570 1
84 620 1
84 622 1
84 797 1
84 685 1
84 710 1
84 714 1
85 172 1
85 178 1
85 261 1
85 329 1
85 361 1
85 409 1
85 425 1
85 455 1
85 575 1
85 580 1
85 583 1
85 609 1
85 685 1
85 787 1
85 184 1
85 310 1
85 365 1
85 659 1
85 688 1
85 765 1
86 136 1
86 146 1
86 222 1
86 412 1
86 497 1
86 557 1
86 571 1
86 649 1
86 651 1
86 721 1
87 105 1
87 126 1
87 150 1
87 166 1
87 228 1
87 292 1
87 316 1
87 358 1
87 426 1
87 465 1
87 467 1
87 529 1
87 533 1
87 654 1
87 657 1
87 697 1
87 777 1
87 102 1
87 195 1
87 526 1
88 89 1
88 188 1
88 330 1
88 376 1
88 390 1
88 391 1
88 732 1
88 772 1
88 107 1
88 178 1
88 199 1
88 231 1
88 308 1
88 317 1
88 393 1
88 412 1
88 511 1
88 590 1
88 705 1
88 707 1
88 760 1
89 219 1
89 344 1
89 348 1
89 662 1
89 789 1
90 155 1
90 192 1
90 359 1
90 523 1
90 620 1
90 641 1
90 124 1
90 139 1
90 229 1
90 279 1
90 379 1
91 746 1
91 97 1
91 168 1
91 202 1
91 204 1
91 337 1
91 443 1
91 457 1
91 531 1
91 599 1
92 187 1
92 243 1
92 263 1
92 354 1
92 382 1
92 435 1
92 445 1
92 472 1
92 473 1
92 512 1
92 668 1
92 101 1
92 259 1
92 281 1
93 325 1
93 365 1
93 96 1
93 134 1
93 142 1
93 271 1
93 305 1
93 550 1
93 576 1
93 636 1
93 660 1
94 182 1
94 208 1
94 211 1
94 335 1
94 427 1
94 513 1
94 555 1
94 587 1
94 135 1
94 176 1
94 215 1
94 242 1
94 361 1
94 375 1
94 381 1
94 409 1
94 447 1
94 544 1
94 562 1
94 617 1
94 661 1
94 678 1
94 719 1
94 730 1
94 734 1
95 122 1
95 180 1
95 197 1
95 291 1
95 380 1
95 385 1
95 406 1
95 438 1
95 464 1
95 599 1
95 588 1
95 748 1
96 102 1
96 167 1
96 283 1
96 388 1
96 416 1
96 663 1
96 780 1
96 134 1
96 142 1
96 185 1
96 192 1
96 271 1
96 305 1
96 323 1
96 345 1
96 607 1
96 614 1
96 636 1
97 246 1
97 398 1
97 503 1
97 520 1
97 542 1
97 639 1
97 751 1
97 205 1
97 319 1
97 384 1
97 456 1
97 559 1
98 589 1
98 234 1
98 260 1
98 509 1
99 161 1
99 176 1
99 181 1
99 199 1
99 444 1
99 541 1
99 764 1
99 130 1
99 247 1
99 253 1
99 289 1
99 338 1
99 341 1
99 421 1
99 438 1
99 487 1
99 549 1
99 646 1
99 713 1
100 160 1
100 343 1
100 655 1
100 152 1
100 175 1
100 189 1
100 203 1
100 275 1
100 295 1
100 434 1
100 470 1
100 481 1
100 505 1
100 521 1
100 547 1
100 793 1
100 666 1
100 785 1
101 157 1
101 305 1
101 442 1
101 567 1
101 600 1
101 259 1
101 432 1
101 641 1
102 167 1
102 396 1
102 195 1
102 294 1
102 377 1
102 389 1
103 221 1
103 225 1
103 313 1
103 484 1
103 543 1
103 792 1
104 130 1
104 207 1
104 631 1
104 328 1
104 404 1
104 482 1
104 712 1
105 150 1
105 166 1
105 316 1
105 332 1
105 467 1
105 777 1
105 240 1
105 276 1
106 119 1
106 127 1
106 169 1
106 204 1
106 268 1
106 346 1
106 364 1
106 397 1
106 399 1
106 434 1
106 499 1
106 625 1
106 713 1
106 188 1
106 518 1
107 213 1
107 267 1
107 342 1
107 178 1
107 199 1
107 257 1
107 654 1
107 672 1
107 761 1
108 141 1
108 186 1
108 216 1
108 240 1
108 459 1
108 573 1
108 581 1
108 284 1
108 600 1
108 603 1
109 164 1
109 189 1
109 217 1
109 123 1
109 225 1
109 230 1
109 301 1
109 363 1
109 406 1
109 431 1
109 515 1
109 585 1
109 589 1
110 201 1
110 334 1
110 112 1
111 307 1
111 227 1
111 238 1
111 296 1
111 618 1
111 668 1
111 732 1
112 152 1
112 349 1
112 546 1
112 562 1
112 638 1
112 731 1
113 255 1
113 129 1
113 145 1
113 187 1
113 190 1
113 283 1
113 315 1
113 357 1
113 371 1
113 446 1
113 486 1
113 622 1
113 685 1
114 369 1
114 116 1
114 200 1
114 473 1
114 630 1
115 274 1
115 572 1
115 366 1
115 674 1
115 708 1
116 128 1
116 573 1
116 630 1
117 118 1
117 138 1
117 174 1
117 545 1
117 163 1
117 232 1
117 248 1
117 273 1
117 292 1
117 490 1
117 741 1
118 545 1
118 658 1
118 144 1
118 183 1
118 213 1
118 245 1
118 311 1
118 354 1
118 416 1
118 454 1
118 690 1
119 800 1
119 127 1
119 139 1
119 163 1
119 169 1
119 241 1
119 259 1
119 364 1
119 460 1
119 506 1
119 601 1
119 679 1
119 708 1
119 767 1
119 791 1
119 151 1
119 280 1
119 689 1
119 699 1
119 749 1
120 129 1
120 137 1
120 271 1
120 317 1
120 320 1
120 351 1
120 586 1
120 785 1
120 159 1
120 197 1
120 255 1
120 374 1
120 727 1
120 753 1
120 778 1
121 614 1
121 191 1
121 269 1
121 342 1
121 358 1
122 151 1
122 197 1
122 297 1
122 508 1
122 207 1
122 546 1
122 580 1
122 642 1
123 408 1
123 225 1
123 585 1
123 635 1
124 158 1
124 231 1
124 265 1
124 318 1
124 322 1
124 502 1
124 535 1
124 590 1
124 727 1
124 728 1
124 139 1
124 179 1
124 279 1
124 407 1
125 223 1
125 595 1
125 643 1
126 228 1
126 358 1
126 722 1
126 395 1
126 640 1
127 139 1
127 169 1
127 204 1
127 284 1
127 346 1
127 397 1
127 399 1
127 506 1
127 518 1
127 519 1
127 679 1
127 687 1
127 788 1
127 138 1
127 353 1
127 680 1
127 731 1
128 195 1
128 273 1
128 550 1
128 615 1
128 249 1
128 282 1
128 304 1
128 469 1
128 506 1
128 573 1
129 317 1
129 351 1
129 647 1
129 190 1
130 207 1
130 220 1
130 289 1
130 421 1
130 530 1
131 145 1
131 310 1
131 147 1
131 169 1
131 198 1
131 224 1
131 364 1
131 800 1
131 415 1
131 450 1
131 452 1
131 606 1
132 218 1
132 405 1
132 784 1
133 488 1
133 302 1
133 401 1
133 503 1
133 566 1
133 616 1
133 624 1
133 644 1
133 702 1
133 718 1
134 540 1
134 696 1
134 714 1
134 719 1
134 142 1
134 185 1
134 576 1
135 171 1
135 448 1
135 551 1
135 242 1
135 361 1
135 609 1
135 625 1
135 719 1
136 737 1
136 143 1
136 186 1
136 278 1
136 335 1
136 388 1
136 664 1
136 768 1
137 271 1
137 311 1
137 320 1
137 347 1
137 157 1
137 623 1
138 490 1
138 408 1
139 241 1
139 259 1
139 284 1
139 362 1
139 377 1
139 394 1
139 424 1
139 431 1
139 437 1
139 519 1
139 679 1
139 687 1
139 756 1
139 179 1
139 279 1
139 379 1
139 407 1
140 288 1
140 319 1
140 561 1
140 577 1
140 148 1
140 307 1
140 468 1
140 794 1
140 655 1
140 750 1
141 186 1
141 235 1
141 352 1
141 414 1
141 459 1
141 501 1
141 660 1
141 206 1
141 216 1
141 272 1
141 320 1
141 324 1
141 387 1
141 556 1
141 596 1
141 657 1
142 226 1
142 410 1
142 716 1
142 786 1
142 305 1
143 556 1
143 677 1
143 186 1
143 235 1
143 278 1
143 388 1
143 652 1
143 768 1
144 209 1
144 276 1
144 798 1
144 183 1
144 245 1
144 311 1
144 339 1
144 372 1
144 416 1
144 436 1
144 466 1
144 690 1
145 304 1
145 372 1
145 436 1
145 549 1
145 173 1
145 283 1
145 315 1
145 459 1
145 523 1
145 528 1
145 697 1
146 222 1
146 229 1
146 412 1
146 582 1
146 649 1
146 651 1
146 773 1
146 461 1
147 179 1
147 194 1
147 234 1
147 608 1
147 688 1
147 723 1
147 800 1
147 169 1
147 198 1
147 246 1
147 331 1
148 736 1
148 307 1
148 683 1
148 750 1
149 185 1
149 198 1
149 202 1
149 245 1
149 286 1
149 338 1
149 404 1
149 527 1
149 530 1
149 656 1
149 738 1
149 742 1
149 766 1
150 166 1
150 697 1
150 297 1
150 303 1
150 759 1
151 180 1
151 197 1
151 308 1
151 380 1
151 464 1
151 508 1
151 701 1
151 776 1
151 280 1
151 316 1
151 582 1
151 676 1
151 689 1
151 699 1
152 270 1
152 640 1
152 175 1
152 196 1
152 203 1
152 295 1
152 428 1
152 451 1
152 493 1
152 525 1
153 280 1
153 752 1
153 516 1
154 368 1
154 670 1
154 513 1
155 192 1
155 294 1
155 429 1
155 475 1
155 593 1
155 256 1
155 313 1
156 359 1
156 402 1
157 567 1
157 623 1
157 665 1
158 231 1
158 254 1
158 265 1
158 315 1
158 322 1
158 395 1
158 502 1
158 510 1
158 728 1
158 325 1
158 491 1
158 670 1
159 379 1
159 393 1
159 405 1
159 538 1
159 570 1
159 659 1
159 672 1
159 212 1
159 255 1
159 329 1
159 540 1
159 628 1
159 663 1
160 343 1
160 655 1
160 496 1
161 257 1
161 482 1
162 786 1
163 800 1
163 232 1
163 236 1
163 383 1
164 201 1
164 367 1
164 557 1
164 738 1
165 558 1
165 760 1
165 398 1
165 651 1
166 316 1
166 697 1
166 799 1
166 508 1
167 283 1
167 381 1
167 226 1
167 261 1
167 299 1
168 227 1
168 419 1
168 479 1
168 694 1
168 204 1
168 208 1
168 314 1
169 204 1
169 506 1
169 708 1
169 198 1
169 364 1
169 378 1
170 302 1
170 449 1
170 617 1
170 583 1
171 242 1
171 299 1
171 514 1
171 551 1
171 444 1
171 671 1
172 175 1
172 178 1
172 193 1
172 253 1
172 329 1
172 363 1
172 447 1
172 451 1
172 575 1
172 609 1
172 632 1
172 691 1
172 705 1
172 228 1
172 462 1
172 514 1
173 233 1
173 281 1
173 433 1
173 570 1
174 494 1
174 403 1
175 193 1
175 232 1
175 253 1
175 256 1
175 468 1
175 493 1
175 189 1
175 203 1
175 451 1
175 521 1
176 181 1
176 212 1
176 444 1
176 541 1
176 564 1
176 215 1
176 375 1
176 409 1
176 418 1
176 447 1
176 476 1
176 520 1
176 617 1
176 678 1
177 191 1
177 214 1
177 476 1
177 505 1
177 511 1
177 218 1
177 502 1
178 361 1
178 609 1
178 632 1
178 231 1
178 257 1
178 308 1
178 317 1
178 396 1
178 488 1
179 688 1
180 291 1
180 308 1
180 336 1
180 380 1
180 385 1
180 406 1
180 411 1
180 438 1
180 671 1
180 698 1
180 701 1
180 210 1
180 233 1
180 474 1
180 601 1
181 444 1
181 211 1
181 458 1
181 499 1
181 538 1
181 564 1
182 208 1
182 211 1
182 238 1
182 266 1
182 335 1
182 794 1
182 366 1
182 461 1
182 462 1
182 474 1
182 516 1
182 626 1
182 630 1
182 653 1
182 729 1
182 214 1
182 541 1
182 552 1
182 560 1
182 567 1
182 591 1
182 682 1
183 248 1
183 262 1
183 415 1
183 470 1
183 637 1
183 416 1
183 466 1
184 289 1
184 344 1
184 345 1
184 659 1
185 198 1
185 245 1
185 404 1
185 633 1
185 742 1
185 192 1
186 279 1
186 459 1
186 469 1
186 481 1
186 573 1
186 660 1
186 235 1
187 243 1
187 263 1
187 327 1
187 594 1
187 357 1
187 371 1
187 472 1
188 277 1
188 330 1
188 597 1
188 732 1
189 217 1
189 236 1
189 258 1
189 443 1
189 753 1
189 505 1
190 652 1
191 196 1
191 795 1
191 706 1
191 269 1
191 342 1
191 358 1
191 592 1
191 698 1
191 743 1
191 744 1
191 754 1
192 294 1
192 429 1
192 593 1
192 720 1
193 363 1
193 223 1
193 243 1
193 252 1
193 330 1
193 426 1
193 584 1
193 716 1
193 745 1
194 234 1
194 217 1
194 251 1
194 263 1
194 265 1
194 417 1
194 619 1
195 273 1
195 301 1
195 695 1
196 360 1
196 795 1
196 706 1
196 718 1
196 781 1
196 493 1
197 508 1
197 727 1
198 527 1
199 621 1
199 764 1
199 705 1
200 264 1
200 423 1
200 603 1
200 634 1
200 740 1
200 400 1
200 473 1
200 593 1
201 332 1
201 367 1
201 441 1
201 563 1
201 738 1
202 338 1
202 530 1
202 628 1
202 337 1
202 531 1
202 554 1
202 677 1
203 239 1
203 623 1
203 733 1
203 295 1
203 428 1
203 434 1
203 451 1
203 521 1
203 547 1
204 346 1
204 518 1
204 625 1
204 208 1
204 443 1
204 457 1
204 599 1
205 319 1
205 384 1
205 559 1
205 767 1
206 252 1
206 799 1
206 216 1
206 272 1
206 387 1
207 360 1
207 430 1
207 580 1
207 621 1
207 642 1
208 211 1
208 266 1
208 516 1
208 587 1
208 630 1
208 653 1
209 798 1
209 276 1
209 684 1
209 535 1
210 383 1
210 474 1
210 479 1
210 561 1
211 266 1
211 335 1
211 462 1
211 793 1
211 587 1
211 626 1
211 729 1
212 329 1
212 540 1
212 628 1
212 639 1
213 267 1
213 293 1
213 367 1
213 309 1
213 445 1
213 571 1
214 505 1
214 511 1
214 437 1
214 541 1
214 552 1
214 693 1
215 339 1
215 477 1
215 617 1
216 798 1
216 272 1
216 320 1
216 324 1
216 376 1
217 251 1
217 263 1
217 386 1
217 410 1
217 471 1
217 619 1
217 634 1
219 576 1
219 501 1
219 638 1
219 788 1
219 789 1
220 306 1
220 348 1
220 350 1
220 530 1
220 695 1
221 225 1
221 313 1
221 484 1
221 532 1
221 287 1
221 293 1
221 312 1
221 327 1
221 380 1
221 423 1
221 510 1
221 656 1
221 667 1
221 781 1
222 229 1
222 571 1
222 649 1
222 244 1
222 267 1
222 284 1
223 243 1
223 330 1
223 340 1
223 426 1
223 519 1
223 658 1
223 745 1
223 790 1
224 611 1
224 675 1
224 750 1
224 452 1
224 606 1
225 230 1
225 363 1
225 399 1
225 585 1
225 635 1
226 715 1
226 716 1
226 779 1
226 261 1
226 266 1
226 299 1
226 555 1
227 371 1
227 419 1
227 238 1
227 296 1
227 346 1
227 618 1
227 675 1
228 358 1
228 426 1
228 654 1
228 722 1
228 514 1
228 626 1
228 649 1
229 382 1
230 544 1
230 565 1
230 724 1
230 765 1
230 363 1
230 399 1
230 589 1
231 315 1
231 322 1
231 395 1
231 308 1
231 488 1
231 578 1
231 590 1
232 256 1
232 323 1
232 468 1
232 236 1
232 248 1
232 285 1
232 490 1
233 250 1
234 723 1
234 770 1
234 260 1
234 298 1
234 527 1
234 791 1
235 272 1
235 279 1
235 481 1
235 660 1
236 258 1
236 778 1
236 285 1
236 300 1
237 331 1
237 517 1
237 618 1
237 477 1
237 512 1
238 366 1
239 623 1
239 733 1
239 780 1
240 341 1
240 432 1
240 581 1
240 605 1
240 276 1
241 259 1
241 377 1
241 378 1
241 394 1
241 756 1
241 290 1
241 424 1
241 497 1
242 441 1
242 514 1
242 381 1
242 734 1
242 763 1
243 252 1
243 330 1
243 492 1
243 658 1
243 704 1
244 267 1
244 392 1
245 286 1
245 312 1
245 321 1
245 404 1
245 495 1
245 311 1
245 339 1
245 372 1
245 454 1
246 398 1
246 751 1
246 331 1
246 467 1
246 769 1
247 402 1
247 253 1
247 341 1
247 427 1
247 485 1
247 487 1
247 549 1
247 629 1
247 646 1
247 746 1
248 262 1
248 470 1
248 637 1
248 490 1
249 422 1
249 282 1
249 304 1
249 420 1
249 460 1
249 469 1
249 539 1
250 466 1
250 485 1
251 592 1
251 263 1
251 386 1
251 410 1
251 634 1
252 665 1
252 799 1
252 492 1
252 704 1
253 447 1
253 619 1
253 487 1
254 457 1
254 693 1
254 270 1
254 455 1
254 565 1
254 736 1
256 323 1
256 493 1
256 313 1
257 482 1
257 396 1
257 654 1
258 443 1
258 778 1
258 397 1
258 568 1
258 747 1
259 394 1
259 431 1
259 641 1
260 682 1
260 298 1
260 509 1
261 375 1
261 797 1
262 390 1
263 327 1
263 354 1
263 560 1
263 386 1
263 471 1
263 619 1
264 423 1
264 603 1
264 758 1
265 318 1
265 471 1
265 510 1
265 566 1
265 604 1
265 728 1
265 417 1
265 425 1
265 797 1
266 462 1
266 474 1
266 653 1
266 793 1
266 391 1
266 555 1
267 342 1
267 367 1
268 275 1
268 434 1
268 616 1
268 680 1
268 759 1
268 286 1
268 355 1
268 480 1
268 483 1
268 504 1
269 387 1
269 528 1
269 358 1
270 640 1
270 411 1
270 455 1
270 565 1
270 736 1
271 311 1
271 320 1
271 347 1
271 586 1
271 323 1
271 345 1
271 534 1
271 636 1
271 660 1
272 414 1
272 387 1
273 301 1
273 615 1
273 662 1
273 292 1
274 296 1
274 370 1
274 362 1
274 419 1
275 552 1
275 645 1
275 680 1
275 759 1
275 769 1
275 449 1
275 470 1
275 785 1
275 792 1
276 798 1
276 684 1
277 559 1
277 597 1
277 629 1
277 439 1
278 526 1
278 335 1
278 388 1
278 652 1
279 469 1
279 481 1
279 379 1
279 407 1
280 316 1
280 699 1
281 450 1
282 489 1
282 469 1
283 381 1
283 610 1
283 721 1
283 685 1
284 362 1
284 519 1
284 600 1
285 420 1
285 744 1
285 300 1
286 312 1
286 321 1
286 480 1
286 495 1
287 293 1
287 312 1
287 423 1
287 510 1
287 711 1
287 781 1
288 319 1
288 561 1
288 385 1
288 569 1
288 574 1
288 648 1
288 653 1
288 720 1
289 295 1
289 353 1
289 439 1
289 524 1
289 547 1
289 421 1
289 438 1
289 551 1
290 303 1
290 392 1
290 636 1
290 784 1
291 336 1
291 553 1
291 694 1
291 782 1
292 333 1
292 465 1
292 741 1
294 429 1
294 475 1
294 377 1
295 353 1
295 439 1
295 524 1
295 735 1
295 428 1
295 434 1
295 525 1
296 370 1
296 618 1
296 675 1
297 303 1
297 650 1
297 759 1
298 433 1
298 757 1
298 768 1
298 791 1
299 551 1
300 507 1
300 635 1
300 710 1
301 662 1
301 695 1
301 431 1
301 515 1
302 617 1
302 321 1
302 401 1
302 572 1
302 702 1
303 324 1
303 328 1
303 392 1
303 428 1
303 725 1
303 749 1
303 784 1
304 372 1
304 436 1
304 453 1
304 496 1
304 506 1
304 539 1
305 384 1
305 417 1
305 442 1
305 454 1
305 548 1
305 596 1
305 598 1
305 624 1
305 667 1
305 683 1
305 747 1
306 350 1
306 356 1
306 537 1
306 690 1
306 498 1
307 468 1
307 655 1
308 776 1
308 317 1
308 393 1
308 412 1
308 488 1
308 578 1
308 590 1
308 707 1
309 445 1
309 537 1
309 571 1
309 586 1
310 365 1
310 475 1
310 489 1
310 536 1
310 632 1
310 688 1
311 347 1
311 372 1
312 321 1
312 480 1
312 510 1
312 656 1
312 711 1
313 484 1
313 532 1
314 326 1
314 734 1
315 395 1
315 446 1
315 459 1
315 523 1
315 528 1
315 542 1
315 605 1
315 697 1
315 757 1
317 393 1
317 511 1
318 471 1
318 566 1
318 322 1
318 543 1
318 715 1
319 561 1
319 384 1
319 456 1
320 586 1
320 785 1
320 798 1
320 324 1
320 376 1
320 394 1
321 480 1
321 495 1
322 502 1
322 535 1
322 590 1
322 646 1
322 543 1
323 345 1
323 534 1
323 607 1
324 328 1
324 413 1
324 749 1
324 376 1
324 394 1
325 365 1
326 525 1
326 591 1
326 676 1
326 774 1
326 336 1
326 369 1
326 429 1
326 726 1
327 560 1
327 594 1
327 711 1
327 380 1
327 667 1
327 771 1
328 413 1
328 428 1
328 456 1
328 749 1
328 448 1
329 575 1
329 580 1
329 628 1
329 663 1
330 376 1
330 732 1
330 426 1
330 519 1
330 658 1
331 517 1
331 618 1
332 467 1
332 529 1
332 657 1
332 441 1
332 563 1
333 347 1
334 681 1
334 776 1
335 729 1
336 726 1
337 574 1
337 595 1
337 607 1
338 631 1
339 477 1
339 627 1
340 611 1
340 351 1
340 790 1
341 432 1
341 458 1
341 605 1
341 741 1
341 427 1
341 485 1
341 615 1
342 592 1
343 655 1
344 345 1
344 348 1
345 534 1
346 397 1
346 518 1
346 625 1
346 598 1
349 638 1
349 648 1
349 500 1
349 529 1
350 373 1
350 691 1
351 647 1
352 501 1
352 790 1
352 522 1
353 439 1
353 735 1
353 680 1
353 731 1
354 472 1
355 480 1
355 483 1
355 504 1
356 537 1
356 690 1
356 507 1
356 696 1
357 515 1
358 426 1
358 533 1
359 523 1
359 641 1
359 402 1
360 446 1
360 781 1
360 430 1
360 532 1
360 613 1
361 544 1
361 609 1
361 625 1
361 719 1
362 419 1
364 460 1
364 601 1
364 602 1
364 378 1
364 450 1
366 461 1
366 674 1
366 762 1
369 782 1
370 478 1
370 484 1
371 419 1
371 486 1
372 496 1
373 691 1
374 491 1
374 534 1
374 753 1
375 797 1
375 409 1
375 418 1
375 520 1
376 390 1
376 391 1
376 553 1
376 704 1
376 772 1
376 394 1
377 378 1
377 424 1
377 437 1
377 681 1
377 389 1
377 770 1
378 681 1
379 393 1
380 385 1
380 411 1
380 418 1
380 464 1
380 478 1
380 563 1
380 599 1
380 661 1
380 701 1
381 734 1
381 763 1
382 445 1
382 608 1
384 417 1
384 588 1
384 598 1
384 667 1
384 559 1
384 767 1
385 406 1
385 411 1
385 418 1
385 536 1
385 671 1
385 678 1
385 569 1
386 410 1
386 471 1
387 528 1
388 416 1
388 500 1
388 768 1
389 407 1
389 643 1
389 689 1
389 770 1
390 391 1
390 553 1
390 463 1
391 553 1
391 772 1
391 687 1
392 784 1
393 412 1
393 511 1
393 760 1
394 431 1
394 756 1
395 640 1
396 730 1
398 520 1
398 650 1
400 440 1
400 487 1
400 554 1
400 673 1
400 748 1
400 593 1
401 572 1
401 624 1
401 702 1
401 740 1
403 483 1
403 729 1
404 742 1
404 482 1
404 494 1
404 724 1
404 739 1
405 486 1
405 538 1
405 659 1
405 672 1
405 761 1
405 414 1
406 438 1
406 671 1
406 698 1
409 425 1
409 455 1
409 447 1
409 520 1
410 634 1
411 418 1
411 478 1
411 536 1
411 664 1
411 692 1
412 582 1
412 773 1
413 742 1
416 690 1
417 454 1
417 588 1
417 596 1
417 598 1
417 624 1
417 683 1
418 478 1
418 536 1
418 563 1
418 664 1
418 678 1
418 692 1
418 476 1
420 744 1
420 460 1
421 438 1
421 551 1
422 703 1
422 453 1
422 533 1
422 581 1
422 706 1
423 603 1
423 740 1
423 758 1
423 781 1
424 437 1
424 795 1
424 497 1
425 685 1
425 787 1
425 797 1
425 620 1
425 673 1
425 751 1
425 764 1
426 533 1
426 654 1
426 519 1
427 513 1
427 485 1
427 615 1
427 629 1
428 456 1
428 725 1
428 525 1
429 593 1
429 720 1
430 532 1
430 621 1
431 515 1
432 458 1
432 741 1
433 757 1
433 570 1
433 710 1
433 714 1
434 616 1
434 547 1
435 473 1
435 568 1
435 668 1
435 712 1
436 453 1
436 549 1
436 722 1
437 693 1
438 551 1
440 487 1
440 703 1
441 563 1
442 747 1
443 753 1
443 457 1
444 671 1
445 512 1
445 537 1
445 692 1
445 755 1
446 542 1
447 451 1
447 619 1
447 705 1
447 678 1
448 604 1
448 752 1
451 705 1
452 606 1
454 548 1
454 596 1
454 726 1
455 565 1
457 522 1
457 579 1
457 693 1
458 499 1
459 523 1
459 605 1
460 601 1
460 602 1
460 791 1
462 794 1
462 793 1
462 474 1
462 626 1
464 599 1
467 529 1
467 777 1
467 701 1
467 769 1
468 655 1
470 637 1
470 785 1
470 792 1
471 566 1
471 604 1
473 568 1
473 668 1
474 601 1
475 489 1
475 495 1
475 524 1
475 756 1
475 773 1
475 775 1
475 777 1
477 512 1
478 563 1
478 661 1
478 664 1
478 484 1
479 694 1
479 561 1
480 483 1
481 793 1
481 666 1
481 796 1
482 494 1
482 712 1
482 724 1
485 613 1
485 615 1
486 622 1
487 549 1
487 713 1
487 746 1
488 642 1
488 578 1
489 707 1
489 495 1
489 536 1
489 602 1
489 632 1
489 756 1
489 777 1
491 534 1
491 670 1
492 704 1
494 724 1
495 524 1
495 602 1
495 756 1
497 557 1
497 669 1
497 795 1
499 606 1
499 644 1
499 713 1
499 538 1
501 577 1
501 597 1
501 638 1
502 535 1
502 646 1
503 566 1
503 579 1
503 616 1
506 708 1
507 635 1
507 754 1
508 799 1
509 699 1
509 755 1
510 656 1
510 711 1
511 760 1
516 630 1
516 587 1
516 633 1
517 669 1
520 650 1
520 686 1
521 539 1
522 579 1
523 528 1
523 605 1
523 757 1
524 547 1
524 775 1
525 591 1
525 676 1
528 697 1
530 738 1
530 766 1
531 622 1
531 554 1
533 581 1
533 706 1
535 646 1
536 678 1
536 692 1
536 632 1
537 692 1
538 570 1
538 761 1
540 578 1
540 714 1
541 564 1
542 686 1
544 565 1
544 724 1
544 762 1
545 612 1
545 717 1
546 562 1
548 726 1
549 646 1
549 713 1
549 746 1
552 645 1
553 704 1
553 694 1
553 782 1
554 673 1
556 596 1
557 669 1
558 760 1
559 629 1
559 767 1
560 569 1
560 682 1
562 661 1
563 661 1
565 724 1
565 762 1
565 736 1
566 579 1
566 718 1
567 591 1
568 712 1
569 653 1
569 720 1
571 586 1
574 595 1
574 607 1
574 648 1
577 597 1
580 583 1
580 642 1
582 773 1
582 676 1
582 679 1
582 709 1
584 716 1
585 745 1
586 785 1
588 748 1
589 612 1
590 707 1
592 698 1
592 744 1
593 720 1
594 711 1
595 607 1
595 643 1
596 624 1
596 657 1
601 602 1
603 758 1
604 772 1
605 741 1
605 757 1
606 644 1
606 717 1
609 632 1
609 691 1
609 625 1
610 721 1
610 763 1
610 771 1
610 780 1
611 675 1
612 717 1
612 758 1
614 666 1
616 644 1
616 645 1
616 647 1
616 723 1
616 774 1
620 673 1
623 665 1
624 683 1
624 740 1
626 794 1
626 649 1
632 691 1
635 754 1
637 728 1
638 731 1
638 788 1
639 735 1
644 645 1
644 647 1
644 684 1
644 723 1
645 769 1
645 647 1
645 684 1
645 774 1
647 723 1
649 651 1
653 720 1
654 672 1
654 761 1
659 672 1
659 765 1
661 730 1
667 771 1
668 686 1
668 732 1
672 761 1
673 751 1
674 700 1
674 762 1
676 774 1
676 679 1
679 687 1
679 788 1
680 731 1
681 776 1
685 787 1
687 788 1
689 749 1
692 755 1
696 719 1
698 744 1
698 754 1
701 725 1
701 766 1
702 775 1
706 795 1
706 718 1
708 767 1
710 714 1
716 796 1
716 779 1
716 786 1
721 763 1
721 771 1
723 770 1
727 778 1
738 766 1
743 787 1
751 764 1
752 772 1
755 783 1
756 777 1
763 771 1
785 792 1
786 796 1
793 796 1