3000 6000 
1 2901 1
1 101 1
1 100 1
1 2 1
2 2902 1
2 102 1
2 3 1
3 2903 1
3 103 1
3 4 1
4 2904 1
4 104 1
4 5 1
5 2905 1
5 105 1
5 6 1
6 2906 1
6 106 1
6 7 1
7 2907 1
7 107 1
7 8 1
8 2908 1
8 108 1
8 9 1
9 2909 1
9 109 1
9 10 1
10 2910 1
10 110 1
10 11 1
11 2911 1
11 111 1
11 12 1
12 2912 1
12 112 1
12 13 1
13 2913 1
13 113 1
13 14 1
14 2914 1
14 114 1
14 15 1
15 2915 1
15 115 1
15 16 1
16 2916 1
16 116 1
16 17 1
17 2917 1
17 117 1
17 18 1
18 2918 1
18 118 1
18 19 1
19 2919 1
19 119 1
19 20 1
20 2920 1
20 120 1
20 21 1
21 2921 1
21 121 1
21 22 1
22 2922 1
22 122 1
22 23 1
23 2923 1
23 123 1
23 24 1
24 2924 1
24 124 1
24 25 1
25 2925 1
25 125 1
25 26 1
26 2926 1
26 126 1
26 27 1
27 2927 1
27 127 1
27 28 1
28 2928 1
28 128 1
28 29 1
29 2929 1
29 129 1
29 30 1
30 2930 1
30 130 1
30 31 1
31 2931 1
31 131 1
31 32 1
32 2932 1
32 132 1
32 33 1
33 2933 1
33 133 1
33 34 1
34 2934 1
34 134 1
34 35 1
35 2935 1
35 135 1
35 36 1
36 2936 1
36 136 1
36 37 1
37 2937 1
37 137 1
37 38 1
38 2938 1
38 138 1
38 39 1
39 2939 1
39 139 1
39 40 1
40 2940 1
40 140 1
40 41 1
41 2941 1
41 141 1
41 42 1
42 2942 1
42 142 1
42 43 1
43 2943 1
43 143 1
43 44 1
44 2944 1
44 144 1
44 45 1
45 2945 1
45 145 1
45 46 1
46 2946 1
46 146 1
46 47 1
47 2947 1
47 147 1
47 48 1
48 2948 1
48 148 1
48 49 1
49 2949 1
49 149 1
49 50 1
50 2950 1
50 150 1
50 51 1
51 2951 1
51 151 1
51 52 1
52 2952 1
52 152 1
52 53 1
53 2953 1
53 153 1
53 54 1
54 2954 1
54 154 1
54 55 1
55 2955 1
55 155 1
55 56 1
56 2956 1
56 156 1
56 57 1
57 2957 1
57 157 1
57 58 1
58 2958 1
58 158 1
58 59 1
59 2959 1
59 159 1
59 60 1
60 2960 1
60 160 1
60 61 1
61 2961 1
61 161 1
61 62 1
62 2962 1
62 162 1
62 63 1
63 2963 1
63 163 1
63 64 1
64 2964 1
64 164 1
64 65 1
65 2965 1
65 165 1
65 66 1
66 2966 1
66 166 1
66 67 1
67 2967 1
67 167 1
67 68 1
68 2968 1
68 168 1
68 69 1
69 2969 1
69 169 1
69 70 1
70 2970 1
70 170 1
70 71 1
71 2971 1
71 171 1
71 72 1
72 2972 1
72 172 1
72 73 1
73 2973 1
73 173 1
73 74 1
74 2974 1
74 174 1
74 75 1
75 2975 1
75 175 1
75 76 1
76 2976 1
76 176 1
76 77 1
77 2977 1
77 177 1
77 78 1
78 2978 1
78 178 1
78 79 1
79 2979 1
79 179 1
79 80 1
80 2980 1
80 180 1
80 81 1
81 2981 1
81 181 1
81 82 1
82 2982 1
82 182 1
82 83 1
83 2983 1
83 183 1
83 84 1
84 2984 1
84 184 1
84 85 1
85 2985 1
85 185 1
85 86 1
86 2986 1
86 186 1
86 87 1
87 2987 1
87 187 1
87 88 1
88 2988 1
88 188 1
88 89 1
89 2989 1
89 189 1
89 90 1
90 2990 1
90 190 1
90 91 1
91 2991 1
91 191 1
91 92 1
92 2992 1
92 192 1
92 93 1
93 2993 1
93 193 1
93 94 1
94 2994 1
94 194 1
94 95 1
95 2995 1
95 195 1
95 96 1
96 2996 1
96 196 1
96 97 1
97 2997 1
97 197 1
97 98 1
98 2998 1
98 198 1
98 99 1
99 2999 1
99 199 1
99 100 1
100 3000 1
100 200 1
101 201 1
101 200 1
101 102 1
102 202 1
102 103 1
103 203 1
103 104 1
104 204 1
104 105 1
105 205 1
105 106 1
106 206 1
106 107 1
107 207 1
107 108 1
108 208 1
108 109 1
109 209 1
109 110 1
110 210 1
110 111 1
111 211 1
111 112 1
112 212 1
112 113 1
113 213 1
113 114 1
114 214 1
114 115 1
115 215 1
115 116 1
116 216 1
116 117 1
117 217 1
117 118 1
118 218 1
118 119 1
119 219 1
119 120 1
120 220 1
120 121 1
121 221 1
121 122 1
122 222 1
122 123 1
123 223 1
123 124 1
124 224 1
124 125 1
125 225 1
125 126 1
126 226 1
126 127 1
127 227 1
127 128 1
128 228 1
128 129 1
129 229 1
129 130 1
130 230 1
130 131 1
131 231 1
131 132 1
132 232 1
132 133 1
133 233 1
133 134 1
134 234 1
134 135 1
135 235 1
135 136 1
136 236 1
136 137 1
137 237 1
137 138 1
138 238 1
138 139 1
139 239 1
139 140 1
140 240 1
140 141 1
141 241 1
141 142 1
142 242 1
142 143 1
143 243 1
143 144 1
144 244 1
144 145 1
145 245 1
145 146 1
146 246 1
146 147 1
147 247 1
147 148 1
148 248 1
148 149 1
149 249 1
149 150 1
150 250 1
150 151 1
151 251 1
151 152 1
152 252 1
152 153 1
153 253 1
153 154 1
154 254 1
154 155 1
155 255 1
155 156 1
156 256 1
156 157 1
157 257 1
157 158 1
158 258 1
158 159 1
159 259 1
159 160 1
160 260 1
160 161 1
161 261 1
161 162 1
162 262 1
162 163 1
163 263 1
163 164 1
164 264 1
164 165 1
165 265 1
165 166 1
166 266 1
166 167 1
167 267 1
167 168 1
168 268 1
168 169 1
169 269 1
169 170 1
170 270 1
170 171 1
171 271 1
171 172 1
172 272 1
172 173 1
173 273 1
173 174 1
174 274 1
174 175 1
175 275 1
175 176 1
176 276 1
176 177 1
177 277 1
177 178 1
178 278 1
178 179 1
179 279 1
179 180 1
180 280 1
180 181 1
181 281 1
181 182 1
182 282 1
182 183 1
183 283 1
183 184 1
184 284 1
184 185 1
185 285 1
185 186 1
186 286 1
186 187 1
187 287 1
187 188 1
188 288 1
188 189 1
189 289 1
189 190 1
190 290 1
190 191 1
191 291 1
191 192 1
192 292 1
192 193 1
193 293 1
193 194 1
194 294 1
194 195 1
195 295 1
195 196 1
196 296 1
196 197 1
197 297 1
197 198 1
198 298 1
198 199 1
199 299 1
199 200 1
200 300 1
201 301 1
201 300 1
201 202 1
202 302 1
202 203 1
203 303 1
203 204 1
204 304 1
204 205 1
205 305 1
205 206 1
206 306 1
206 207 1
207 307 1
207 208 1
208 308 1
208 209 1
209 309 1
209 210 1
210 310 1
210 211 1
211 311 1
211 212 1
212 312 1
212 213 1
213 313 1
213 214 1
214 314 1
214 215 1
215 315 1
215 216 1
216 316 1
216 217 1
217 317 1
217 218 1
218 318 1
218 219 1
219 319 1
219 220 1
220 320 1
220 221 1
221 321 1
221 222 1
222 322 1
222 223 1
223 323 1
223 224 1
224 324 1
224 225 1
225 325 1
225 226 1
226 326 1
226 227 1
227 327 1
227 228 1
228 328 1
228 229 1
229 329 1
229 230 1
230 330 1
230 231 1
231 331 1
231 232 1
232 332 1
232 233 1
233 333 1
233 234 1
234 334 1
234 235 1
235 335 1
235 236 1
236 336 1
236 237 1
237 337 1
237 238 1
238 338 1
238 239 1
239 339 1
239 240 1
240 340 1
240 241 1
241 341 1
241 242 1
242 342 1
242 243 1
243 343 1
243 244 1
244 344 1
244 245 1
245 345 1
245 246 1
246 346 1
246 247 1
247 347 1
247 248 1
248 348 1
248 249 1
249 349 1
249 250 1
250 350 1
250 251 1
251 351 1
251 252 1
252 352 1
252 253 1
253 353 1
253 254 1
254 354 1
254 255 1
255 355 1
255 256 1
256 356 1
256 257 1
257 357 1
257 258 1
258 358 1
258 259 1
259 359 1
259 260 1
260 360 1
260 261 1
261 361 1
261 262 1
262 362 1
262 263 1
263 363 1
263 264 1
264 364 1
264 265 1
265 365 1
265 266 1
266 366 1
266 267 1
267 367 1
267 268 1
268 368 1
268 269 1
269 369 1
269 270 1
270 370 1
270 271 1
271 371 1
271 272 1
272 372 1
272 273 1
273 373 1
273 274 1
274 374 1
274 275 1
275 375 1
275 276 1
276 376 1
276 277 1
277 377 1
277 278 1
278 378 1
278 279 1
279 379 1
279 280 1
280 380 1
280 281 1
281 381 1
281 282 1
282 382 1
282 283 1
283 383 1
283 284 1
284 384 1
284 285 1
285 385 1
285 286 1
286 386 1
286 287 1
287 387 1
287 288 1
288 388 1
288 289 1
289 389 1
289 290 1
290 390 1
290 291 1
291 391 1
291 292 1
292 392 1
292 293 1
293 393 1
293 294 1
294 394 1
294 295 1
295 395 1
295 296 1
296 396 1
296 297 1
297 397 1
297 298 1
298 398 1
298 299 1
299 399 1
299 300 1
300 400 1
301 401 1
301 400 1
301 302 1
302 402 1
302 303 1
303 403 1
303 304 1
304 404 1
304 305 1
305 405 1
305 306 1
306 406 1
306 307 1
307 407 1
307 308 1
308 408 1
308 309 1
309 409 1
309 310 1
310 410 1
310 311 1
311 411 1
311 312 1
312 412 1
312 313 1
313 413 1
313 314 1
314 414 1
314 315 1
315 415 1
315 316 1
316 416 1
316 317 1
317 417 1
317 318 1
318 418 1
318 319 1
319 419 1
319 320 1
320 420 1
320 321 1
321 421 1
321 322 1
322 422 1
322 323 1
323 423 1
323 324 1
324 424 1
324 325 1
325 425 1
325 326 1
326 426 1
326 327 1
327 427 1
327 328 1
328 428 1
328 329 1
329 429 1
329 330 1
330 430 1
330 331 1
331 431 1
331 332 1
332 432 1
332 333 1
333 433 1
333 334 1
334 434 1
334 335 1
335 435 1
335 336 1
336 436 1
336 337 1
337 437 1
337 338 1
338 438 1
338 339 1
339 439 1
339 340 1
340 440 1
340 341 1
341 441 1
341 342 1
342 442 1
342 343 1
343 443 1
343 344 1
344 444 1
344 345 1
345 445 1
345 346 1
346 446 1
346 347 1
347 447 1
347 348 1
348 448 1
348 349 1
349 449 1
349 350 1
350 450 1
350 351 1
351 451 1
351 352 1
352 452 1
352 353 1
353 453 1
353 354 1
354 454 1
354 355 1
355 455 1
355 356 1
356 456 1
356 357 1
357 457 1
357 358 1
358 458 1
358 359 1
359 459 1
359 360 1
360 460 1
360 361 1
361 461 1
361 362 1
362 462 1
362 363 1
363 463 1
363 364 1
364 464 1
364 365 1
365 465 1
365 366 1
366 466 1
366 367 1
367 467 1
367 368 1
368 468 1
368 369 1
369 469 1
369 370 1
370 470 1
370 371 1
371 471 1
371 372 1
372 472 1
372 373 1
373 473 1
373 374 1
374 474 1
374 375 1
375 475 1
375 376 1
376 476 1
376 377 1
377 477 1
377 378 1
378 478 1
378 379 1
379 479 1
379 380 1
380 480 1
380 381 1
381 481 1
381 382 1
382 482 1
382 383 1
383 483 1
383 384 1
384 484 1
384 385 1
385 485 1
385 386 1
386 486 1
386 387 1
387 487 1
387 388 1
388 488 1
388 389 1
389 489 1
389 390 1
390 490 1
390 391 1
391 491 1
391 392 1
392 492 1
392 393 1
393 493 1
393 394 1
394 494 1
394 395 1
395 495 1
395 396 1
396 496 1
396 397 1
397 497 1
397 398 1
398 498 1
398 399 1
399 499 1
399 400 1
400 500 1
401 501 1
401 500 1
401 402 1
402 502 1
402 403 1
403 503 1
403 404 1
404 504 1
404 405 1
405 505 1
405 406 1
406 506 1
406 407 1
407 507 1
407 408 1
408 508 1
408 409 1
409 509 1
409 410 1
410 510 1
410 411 1
411 511 1
411 412 1
412 512 1
412 413 1
413 513 1
413 414 1
414 514 1
414 415 1
415 515 1
415 416 1
416 516 1
416 417 1
417 517 1
417 418 1
418 518 1
418 419 1
419 519 1
419 420 1
420 520 1
420 421 1
421 521 1
421 422 1
422 522 1
422 423 1
423 523 1
423 424 1
424 524 1
424 425 1
425 525 1
425 426 1
426 526 1
426 427 1
427 527 1
427 428 1
428 528 1
428 429 1
429 529 1
429 430 1
430 530 1
430 431 1
431 531 1
431 432 1
432 532 1
432 433 1
433 533 1
433 434 1
434 534 1
434 435 1
435 535 1
435 436 1
436 536 1
436 437 1
437 537 1
437 438 1
438 538 1
438 439 1
439 539 1
439 440 1
440 540 1
440 441 1
441 541 1
441 442 1
442 542 1
442 443 1
443 543 1
443 444 1
444 544 1
444 445 1
445 545 1
445 446 1
446 546 1
446 447 1
447 547 1
447 448 1
448 548 1
448 449 1
449 549 1
449 450 1
450 550 1
450 451 1
451 551 1
451 452 1
452 552 1
452 453 1
453 553 1
453 454 1
454 554 1
454 455 1
455 555 1
455 456 1
456 556 1
456 457 1
457 557 1
457 458 1
458 558 1
458 459 1
459 559 1
459 460 1
460 560 1
460 461 1
461 561 1
461 462 1
462 562 1
462 463 1
463 563 1
463 464 1
464 564 1
464 465 1
465 565 1
465 466 1
466 566 1
466 467 1
467 567 1
467 468 1
468 568 1
468 469 1
469 569 1
469 470 1
470 570 1
470 471 1
471 571 1
471 472 1
472 572 1
472 473 1
473 573 1
473 474 1
474 574 1
474 475 1
475 575 1
475 476 1
476 576 1
476 477 1
477 577 1
477 478 1
478 578 1
478 479 1
479 579 1
479 480 1
480 580 1
480 481 1
481 581 1
481 482 1
482 582 1
482 483 1
483 583 1
483 484 1
484 584 1
484 485 1
485 585 1
485 486 1
486 586 1
486 487 1
487 587 1
487 488 1
488 588 1
488 489 1
489 589 1
489 490 1
490 590 1
490 491 1
491 591 1
491 492 1
492 592 1
492 493 1
493 593 1
493 494 1
494 594 1
494 495 1
495 595 1
495 496 1
496 596 1
496 497 1
497 597 1
497 498 1
498 598 1
498 499 1
499 599 1
499 500 1
500 600 1
501 601 1
501 600 1
501 502 1
502 602 1
502 503 1
503 603 1
503 504 1
504 604 1
504 505 1
505 605 1
505 506 1
506 606 1
506 507 1
507 607 1
507 508 1
508 608 1
508 509 1
509 609 1
509 510 1
510 610 1
510 511 1
511 611 1
511 512 1
512 612 1
512 513 1
513 613 1
513 514 1
514 614 1
514 515 1
515 615 1
515 516 1
516 616 1
516 517 1
517 617 1
517 518 1
518 618 1
518 519 1
519 619 1
519 520 1
520 620 1
520 521 1
521 621 1
521 522 1
522 622 1
522 523 1
523 623 1
523 524 1
524 624 1
524 525 1
525 625 1
525 526 1
526 626 1
526 527 1
527 627 1
527 528 1
528 628 1
528 529 1
529 629 1
529 530 1
530 630 1
530 531 1
531 631 1
531 532 1
532 632 1
532 533 1
533 633 1
533 534 1
534 634 1
534 535 1
535 635 1
535 536 1
536 636 1
536 537 1
537 637 1
537 538 1
538 638 1
538 539 1
539 639 1
539 540 1
540 640 1
540 541 1
541 641 1
541 542 1
542 642 1
542 543 1
543 643 1
543 544 1
544 644 1
544 545 1
545 645 1
545 546 1
546 646 1
546 547 1
547 647 1
547 548 1
548 648 1
548 549 1
549 649 1
549 550 1
550 650 1
550 551 1
551 651 1
551 552 1
552 652 1
552 553 1
553 653 1
553 554 1
554 654 1
554 555 1
555 655 1
555 556 1
556 656 1
556 557 1
557 657 1
557 558 1
558 658 1
558 559 1
559 659 1
559 560 1
560 660 1
560 561 1
561 661 1
561 562 1
562 662 1
562 563 1
563 663 1
563 564 1
564 664 1
564 565 1
565 665 1
565 566 1
566 666 1
566 567 1
567 667 1
567 568 1
568 668 1
568 569 1
569 669 1
569 570 1
570 670 1
570 571 1
571 671 1
571 572 1
572 672 1
572 573 1
573 673 1
573 574 1
574 674 1
574 575 1
575 675 1
575 576 1
576 676 1
576 577 1
577 677 1
577 578 1
578 678 1
578 579 1
579 679 1
579 580 1
580 680 1
580 581 1
581 681 1
581 582 1
582 682 1
582 583 1
583 683 1
583 584 1
584 684 1
584 585 1
585 685 1
585 586 1
586 686 1
586 587 1
587 687 1
587 588 1
588 688 1
588 589 1
589 689 1
589 590 1
590 690 1
590 591 1
591 691 1
591 592 1
592 692 1
592 593 1
593 693 1
593 594 1
594 694 1
594 595 1
595 695 1
595 596 1
596 696 1
596 597 1
597 697 1
597 598 1
598 698 1
598 599 1
599 699 1
599 600 1
600 700 1
601 701 1
601 700 1
601 602 1
602 702 1
602 603 1
603 703 1
603 604 1
604 704 1
604 605 1
605 705 1
605 606 1
606 706 1
606 607 1
607 707 1
607 608 1
608 708 1
608 609 1
609 709 1
609 610 1
610 710 1
610 611 1
611 711 1
611 612 1
612 712 1
612 613 1
613 713 1
613 614 1
614 714 1
614 615 1
615 715 1
615 616 1
616 716 1
616 617 1
617 717 1
617 618 1
618 718 1
618 619 1
619 719 1
619 620 1
620 720 1
620 621 1
621 721 1
621 622 1
622 722 1
622 623 1
623 723 1
623 624 1
624 724 1
624 625 1
625 725 1
625 626 1
626 726 1
626 627 1
627 727 1
627 628 1
628 728 1
628 629 1
629 729 1
629 630 1
630 730 1
630 631 1
631 731 1
631 632 1
632 732 1
632 633 1
633 733 1
633 634 1
634 734 1
634 635 1
635 735 1
635 636 1
636 736 1
636 637 1
637 737 1
637 638 1
638 738 1
638 639 1
639 739 1
639 640 1
640 740 1
640 641 1
641 741 1
641 642 1
642 742 1
642 643 1
643 743 1
643 644 1
644 744 1
644 645 1
645 745 1
645 646 1
646 746 1
646 647 1
647 747 1
647 648 1
648 748 1
648 649 1
649 749 1
649 650 1
650 750 1
650 651 1
651 751 1
651 652 1
652 752 1
652 653 1
653 753 1
653 654 1
654 754 1
654 655 1
655 755 1
655 656 1
656 756 1
656 657 1
657 757 1
657 658 1
658 758 1
658 659 1
659 759 1
659 660 1
660 760 1
660 661 1
661 761 1
661 662 1
662 762 1
662 663 1
663 763 1
663 664 1
664 764 1
664 665 1
665 765 1
665 666 1
666 766 1
666 667 1
667 767 1
667 668 1
668 768 1
668 669 1
669 769 1
669 670 1
670 770 1
670 671 1
671 771 1
671 672 1
672 772 1
672 673 1
673 773 1
673 674 1
674 774 1
674 675 1
675 775 1
675 676 1
676 776 1
676 677 1
677 777 1
677 678 1
678 778 1
678 679 1
679 779 1
679 680 1
680 780 1
680 681 1
681 781 1
681 682 1
682 782 1
682 683 1
683 783 1
683 684 1
684 784 1
684 685 1
685 785 1
685 686 1
686 786 1
686 687 1
687 787 1
687 688 1
688 788 1
688 689 1
689 789 1
689 690 1
690 790 1
690 691 1
691 791 1
691 692 1
692 792 1
692 693 1
693 793 1
693 694 1
694 794 1
694 695 1
695 795 1
695 696 1
696 796 1
696 697 1
697 797 1
697 698 1
698 798 1
698 699 1
699 799 1
699 700 1
700 800 1
701 801 1
701 800 1
701 702 1
702 802 1
702 703 1
703 803 1
703 704 1
704 804 1
704 705 1
705 805 1
705 706 1
706 806 1
706 707 1
707 807 1
707 708 1
708 808 1
708 709 1
709 809 1
709 710 1
710 810 1
710 711 1
711 811 1
711 712 1
712 812 1
712 713 1
713 813 1
713 714 1
714 814 1
714 715 1
715 815 1
715 716 1
716 816 1
716 717 1
717 817 1
717 718 1
718 818 1
718 719 1
719 819 1
719 720 1
720 820 1
720 721 1
721 821 1
721 722 1
722 822 1
722 723 1
723 823 1
723 724 1
724 824 1
724 725 1
725 825 1
725 726 1
726 826 1
726 727 1
727 827 1
727 728 1
728 828 1
728 729 1
729 829 1
729 730 1
730 830 1
730 731 1
731 831 1
731 732 1
732 832 1
732 733 1
733 833 1
733 734 1
734 834 1
734 735 1
735 835 1
735 736 1
736 836 1
736 737 1
737 837 1
737 738 1
738 838 1
738 739 1
739 839 1
739 740 1
740 840 1
740 741 1
741 841 1
741 742 1
742 842 1
742 743 1
743 843 1
743 744 1
744 844 1
744 745 1
745 845 1
745 746 1
746 846 1
746 747 1
747 847 1
747 748 1
748 848 1
748 749 1
749 849 1
749 750 1
750 850 1
750 751 1
751 851 1
751 752 1
752 852 1
752 753 1
753 853 1
753 754 1
754 854 1
754 755 1
755 855 1
755 756 1
756 856 1
756 757 1
757 857 1
757 758 1
758 858 1
758 759 1
759 859 1
759 760 1
760 860 1
760 761 1
761 861 1
761 762 1
762 862 1
762 763 1
763 863 1
763 764 1
764 864 1
764 765 1
765 865 1
765 766 1
766 866 1
766 767 1
767 867 1
767 768 1
768 868 1
768 769 1
769 869 1
769 770 1
770 870 1
770 771 1
771 871 1
771 772 1
772 872 1
772 773 1
773 873 1
773 774 1
774 874 1
774 775 1
775 875 1
775 776 1
776 876 1
776 777 1
777 877 1
777 778 1
778 878 1
778 779 1
779 879 1
779 780 1
780 880 1
780 781 1
781 881 1
781 782 1
782 882 1
782 783 1
783 883 1
783 784 1
784 884 1
784 785 1
785 885 1
785 786 1
786 886 1
786 787 1
787 887 1
787 788 1
788 888 1
788 789 1
789 889 1
789 790 1
790 890 1
790 791 1
791 891 1
791 792 1
792 892 1
792 793 1
793 893 1
793 794 1
794 894 1
794 795 1
795 895 1
795 796 1
796 896 1
796 797 1
797 897 1
797 798 1
798 898 1
798 799 1
799 899 1
799 800 1
800 900 1
801 901 1
801 900 1
801 802 1
802 902 1
802 803 1
803 903 1
803 804 1
804 904 1
804 805 1
805 905 1
805 806 1
806 906 1
806 807 1
807 907 1
807 808 1
808 908 1
808 809 1
809 909 1
809 810 1
810 910 1
810 811 1
811 911 1
811 812 1
812 912 1
812 813 1
813 913 1
813 814 1
814 914 1
814 815 1
815 915 1
815 816 1
816 916 1
816 817 1
817 917 1
817 818 1
818 918 1
818 819 1
819 919 1
819 820 1
820 920 1
820 821 1
821 921 1
821 822 1
822 922 1
822 823 1
823 923 1
823 824 1
824 924 1
824 825 1
825 925 1
825 826 1
826 926 1
826 827 1
827 927 1
827 828 1
828 928 1
828 829 1
829 929 1
829 830 1
830 930 1
830 831 1
831 931 1
831 832 1
832 932 1
832 833 1
833 933 1
833 834 1
834 934 1
834 835 1
835 935 1
835 836 1
836 936 1
836 837 1
837 937 1
837 838 1
838 938 1
838 839 1
839 939 1
839 840 1
840 940 1
840 841 1
841 941 1
841 842 1
842 942 1
842 843 1
843 943 1
843 844 1
844 944 1
844 845 1
845 945 1
845 846 1
846 946 1
846 847 1
847 947 1
847 848 1
848 948 1
848 849 1
849 949 1
849 850 1
850 950 1
850 851 1
851 951 1
851 852 1
852 952 1
852 853 1
853 953 1
853 854 1
854 954 1
854 855 1
855 955 1
855 856 1
856 956 1
856 857 1
857 957 1
857 858 1
858 958 1
858 859 1
859 959 1
859 860 1
860 960 1
860 861 1
861 961 1
861 862 1
862 962 1
862 863 1
863 963 1
863 864 1
864 964 1
864 865 1
865 965 1
865 866 1
866 966 1
866 867 1
867 967 1
867 868 1
868 968 1
868 869 1
869 969 1
869 870 1
870 970 1
870 871 1
871 971 1
871 872 1
872 972 1
872 873 1
873 973 1
873 874 1
874 974 1
874 875 1
875 975 1
875 876 1
876 976 1
876 877 1
877 977 1
877 878 1
878 978 1
878 879 1
879 979 1
879 880 1
880 980 1
880 881 1
881 981 1
881 882 1
882 982 1
882 883 1
883 983 1
883 884 1
884 984 1
884 885 1
885 985 1
885 886 1
886 986 1
886 887 1
887 987 1
887 888 1
888 988 1
888 889 1
889 989 1
889 890 1
890 990 1
890 891 1
891 991 1
891 892 1
892 992 1
892 893 1
893 993 1
893 894 1
894 994 1
894 895 1
895 995 1
895 896 1
896 996 1
896 897 1
897 997 1
897 898 1
898 998 1
898 899 1
899 999 1
899 900 1
900 1000 1
901 1001 1
901 1000 1
901 902 1
902 1002 1
902 903 1
903 1003 1
903 904 1
904 1004 1
904 905 1
905 1005 1
905 906 1
906 1006 1
906 907 1
907 1007 1
907 908 1
908 1008 1
908 909 1
909 1009 1
909 910 1
910 1010 1
910 911 1
911 1011 1
911 912 1
912 1012 1
912 913 1
913 1013 1
913 914 1
914 1014 1
914 915 1
915 1015 1
915 916 1
916 1016 1
916 917 1
917 1017 1
917 918 1
918 1018 1
918 919 1
919 1019 1
919 920 1
920 1020 1
920 921 1
921 1021 1
921 922 1
922 1022 1
922 923 1
923 1023 1
923 924 1
924 1024 1
924 925 1
925 1025 1
925 926 1
926 1026 1
926 927 1
927 1027 1
927 928 1
928 1028 1
928 929 1
929 1029 1
929 930 1
930 1030 1
930 931 1
931 1031 1
931 932 1
932 1032 1
932 933 1
933 1033 1
933 934 1
934 1034 1
934 935 1
935 1035 1
935 936 1
936 1036 1
936 937 1
937 1037 1
937 938 1
938 1038 1
938 939 1
939 1039 1
939 940 1
940 1040 1
940 941 1
941 1041 1
941 942 1
942 1042 1
942 943 1
943 1043 1
943 944 1
944 1044 1
944 945 1
945 1045 1
945 946 1
946 1046 1
946 947 1
947 1047 1
947 948 1
948 1048 1
948 949 1
949 1049 1
949 950 1
950 1050 1
950 951 1
951 1051 1
951 952 1
952 1052 1
952 953 1
953 1053 1
953 954 1
954 1054 1
954 955 1
955 1055 1
955 956 1
956 1056 1
956 957 1
957 1057 1
957 958 1
958 1058 1
958 959 1
959 1059 1
959 960 1
960 1060 1
960 961 1
961 1061 1
961 962 1
962 1062 1
962 963 1
963 1063 1
963 964 1
964 1064 1
964 965 1
965 1065 1
965 966 1
966 1066 1
966 967 1
967 1067 1
967 968 1
968 1068 1
968 969 1
969 1069 1
969 970 1
970 1070 1
970 971 1
971 1071 1
971 972 1
972 1072 1
972 973 1
973 1073 1
973 974 1
974 1074 1
974 975 1
975 1075 1
975 976 1
976 1076 1
976 977 1
977 1077 1
977 978 1
978 1078 1
978 979 1
979 1079 1
979 980 1
980 1080 1
980 981 1
981 1081 1
981 982 1
982 1082 1
982 983 1
983 1083 1
983 984 1
984 1084 1
984 985 1
985 1085 1
985 986 1
986 1086 1
986 987 1
987 1087 1
987 988 1
988 1088 1
988 989 1
989 1089 1
989 990 1
990 1090 1
990 991 1
991 1091 1
991 992 1
992 1092 1
992 993 1
993 1093 1
993 994 1
994 1094 1
994 995 1
995 1095 1
995 996 1
996 1096 1
996 997 1
997 1097 1
997 998 1
998 1098 1
998 999 1
999 1099 1
999 1000 1
1000 1100 1
1001 1101 1
1001 1100 1
1001 1002 1
1002 1102 1
1002 1003 1
1003 1103 1
1003 1004 1
1004 1104 1
1004 1005 1
1005 1105 1
1005 1006 1
1006 1106 1
1006 1007 1
1007 1107 1
1007 1008 1
1008 1108 1
1008 1009 1
1009 1109 1
1009 1010 1
1010 1110 1
1010 1011 1
1011 1111 1
1011 1012 1
1012 1112 1
1012 1013 1
1013 1113 1
1013 1014 1
1014 1114 1
1014 1015 1
1015 1115 1
1015 1016 1
1016 1116 1
1016 1017 1
1017 1117 1
1017 1018 1
1018 1118 1
1018 1019 1
1019 1119 1
1019 1020 1
1020 1120 1
1020 1021 1
1021 1121 1
1021 1022 1
1022 1122 1
1022 1023 1
1023 1123 1
1023 1024 1
1024 1124 1
1024 1025 1
1025 1125 1
1025 1026 1
1026 1126 1
1026 1027 1
1027 1127 1
1027 1028 1
1028 1128 1
1028 1029 1
1029 1129 1
1029 1030 1
1030 1130 1
1030 1031 1
1031 1131 1
1031 1032 1
1032 1132 1
1032 1033 1
1033 1133 1
1033 1034 1
1034 1134 1
1034 1035 1
1035 1135 1
1035 1036 1
1036 1136 1
1036 1037 1
1037 1137 1
1037 1038 1
1038 1138 1
1038 1039 1
1039 1139 1
1039 1040 1
1040 1140 1
1040 1041 1
1041 1141 1
1041 1042 1
1042 1142 1
1042 1043 1
1043 1143 1
1043 1044 1
1044 1144 1
1044 1045 1
1045 1145 1
1045 1046 1
1046 1146 1
1046 1047 1
1047 1147 1
1047 1048 1
1048 1148 1
1048 1049 1
1049 1149 1
1049 1050 1
1050 1150 1
1050 1051 1
1051 1151 1
1051 1052 1
1052 1152 1
1052 1053 1
1053 1153 1
1053 1054 1
1054 1154 1
1054 1055 1
1055 1155 1
1055 1056 1
1056 1156 1
1056 1057 1
1057 1157 1
1057 1058 1
1058 1158 1
1058 1059 1
1059 1159 1
1059 1060 1
1060 1160 1
1060 1061 1
1061 1161 1
1061 1062 1
1062 1162 1
1062 1063 1
1063 1163 1
1063 1064 1
1064 1164 1
1064 1065 1
1065 1165 1
1065 1066 1
1066 1166 1
1066 1067 1
1067 1167 1
1067 1068 1
1068 1168 1
1068 1069 1
1069 1169 1
1069 1070 1
1070 1170 1
1070 1071 1
1071 1171 1
1071 1072 1
1072 1172 1
1072 1073 1
1073 1173 1
1073 1074 1
1074 1174 1
1074 1075 1
1075 1175 1
1075 1076 1
1076 1176 1
1076 1077 1
1077 1177 1
1077 1078 1
1078 1178 1
1078 1079 1
1079 1179 1
1079 1080 1
1080 1180 1
1080 1081 1
1081 1181 1
1081 1082 1
1082 1182 1
1082 1083 1
1083 1183 1
1083 1084 1
1084 1184 1
1084 1085 1
1085 1185 1
1085 1086 1
1086 1186 1
1086 1087 1
1087 1187 1
1087 1088 1
1088 1188 1
1088 1089 1
1089 1189 1
1089 1090 1
1090 1190 1
1090 1091 1
1091 1191 1
1091 1092 1
1092 1192 1
1092 1093 1
1093 1193 1
1093 1094 1
1094 1194 1
1094 1095 1
1095 1195 1
1095 1096 1
1096 1196 1
1096 1097 1
1097 1197 1
1097 1098 1
1098 1198 1
1098 1099 1
1099 1199 1
1099 1100 1
1100 1200 1
1101 1201 1
1101 1200 1
1101 1102 1
1102 1202 1
1102 1103 1
1103 1203 1
1103 1104 1
1104 1204 1
1104 1105 1
1105 1205 1
1105 1106 1
1106 1206 1
1106 1107 1
1107 1207 1
1107 1108 1
1108 1208 1
1108 1109 1
1109 1209 1
1109 1110 1
1110 1210 1
1110 1111 1
1111 1211 1
1111 1112 1
1112 1212 1
1112 1113 1
1113 1213 1
1113 1114 1
1114 1214 1
1114 1115 1
1115 1215 1
1115 1116 1
1116 1216 1
1116 1117 1
1117 1217 1
1117 1118 1
1118 1218 1
1118 1119 1
1119 1219 1
1119 1120 1
1120 1220 1
1120 1121 1
1121 1221 1
1121 1122 1
1122 1222 1
1122 1123 1
1123 1223 1
1123 1124 1
1124 1224 1
1124 1125 1
1125 1225 1
1125 1126 1
1126 1226 1
1126 1127 1
1127 1227 1
1127 1128 1
1128 1228 1
1128 1129 1
1129 1229 1
1129 1130 1
1130 1230 1
1130 1131 1
1131 1231 1
1131 1132 1
1132 1232 1
1132 1133 1
1133 1233 1
1133 1134 1
1134 1234 1
1134 1135 1
1135 1235 1
1135 1136 1
1136 1236 1
1136 1137 1
1137 1237 1
1137 1138 1
1138 1238 1
1138 1139 1
1139 1239 1
1139 1140 1
1140 1240 1
1140 1141 1
1141 1241 1
1141 1142 1
1142 1242 1
1142 1143 1
1143 1243 1
1143 1144 1
1144 1244 1
1144 1145 1
1145 1245 1
1145 1146 1
1146 1246 1
1146 1147 1
1147 1247 1
1147 1148 1
1148 1248 1
1148 1149 1
1149 1249 1
1149 1150 1
1150 1250 1
1150 1151 1
1151 1251 1
1151 1152 1
1152 1252 1
1152 1153 1
1153 1253 1
1153 1154 1
1154 1254 1
1154 1155 1
1155 1255 1
1155 1156 1
1156 1256 1
1156 1157 1
1157 1257 1
1157 1158 1
1158 1258 1
1158 1159 1
1159 1259 1
1159 1160 1
1160 1260 1
1160 1161 1
1161 1261 1
1161 1162 1
1162 1262 1
1162 1163 1
1163 1263 1
1163 1164 1
1164 1264 1
1164 1165 1
1165 1265 1
1165 1166 1
1166 1266 1
1166 1167 1
1167 1267 1
1167 1168 1
1168 1268 1
1168 1169 1
1169 1269 1
1169 1170 1
1170 1270 1
1170 1171 1
1171 1271 1
1171 1172 1
1172 1272 1
1172 1173 1
1173 1273 1
1173 1174 1
1174 1274 1
1174 1175 1
1175 1275 1
1175 1176 1
1176 1276 1
1176 1177 1
1177 1277 1
1177 1178 1
1178 1278 1
1178 1179 1
1179 1279 1
1179 1180 1
1180 1280 1
1180 1181 1
1181 1281 1
1181 1182 1
1182 1282 1
1182 1183 1
1183 1283 1
1183 1184 1
1184 1284 1
1184 1185 1
1185 1285 1
1185 1186 1
1186 1286 1
1186 1187 1
1187 1287 1
1187 1188 1
1188 1288 1
1188 1189 1
1189 1289 1
1189 1190 1
1190 1290 1
1190 1191 1
1191 1291 1
1191 1192 1
1192 1292 1
1192 1193 1
1193 1293 1
1193 1194 1
1194 1294 1
1194 1195 1
1195 1295 1
1195 1196 1
1196 1296 1
1196 1197 1
1197 1297 1
1197 1198 1
1198 1298 1
1198 1199 1
1199 1299 1
1199 1200 1
1200 1300 1
1201 1301 1
1201 1300 1
1201 1202 1
1202 1302 1
1202 1203 1
1203 1303 1
1203 1204 1
1204 1304 1
1204 1205 1
1205 1305 1
1205 1206 1
1206 1306 1
1206 1207 1
1207 1307 1
1207 1208 1
1208 1308 1
1208 1209 1
1209 1309 1
1209 1210 1
1210 1310 1
1210 1211 1
1211 1311 1
1211 1212 1
1212 1312 1
1212 1213 1
1213 1313 1
1213 1214 1
1214 1314 1
1214 1215 1
1215 1315 1
1215 1216 1
1216 1316 1
1216 1217 1
1217 1317 1
1217 1218 1
1218 1318 1
1218 1219 1
1219 1319 1
1219 1220 1
1220 1320 1
1220 1221 1
1221 1321 1
1221 1222 1
1222 1322 1
1222 1223 1
1223 1323 1
1223 1224 1
1224 1324 1
1224 1225 1
1225 1325 1
1225 1226 1
1226 1326 1
1226 1227 1
1227 1327 1
1227 1228 1
1228 1328 1
1228 1229 1
1229 1329 1
1229 1230 1
1230 1330 1
1230 1231 1
1231 1331 1
1231 1232 1
1232 1332 1
1232 1233 1
1233 1333 1
1233 1234 1
1234 1334 1
1234 1235 1
1235 1335 1
1235 1236 1
1236 1336 1
1236 1237 1
1237 1337 1
1237 1238 1
1238 1338 1
1238 1239 1
1239 1339 1
1239 1240 1
1240 1340 1
1240 1241 1
1241 1341 1
1241 1242 1
1242 1342 1
1242 1243 1
1243 1343 1
1243 1244 1
1244 1344 1
1244 1245 1
1245 1345 1
1245 1246 1
1246 1346 1
1246 1247 1
1247 1347 1
1247 1248 1
1248 1348 1
1248 1249 1
1249 1349 1
1249 1250 1
1250 1350 1
1250 1251 1
1251 1351 1
1251 1252 1
1252 1352 1
1252 1253 1
1253 1353 1
1253 1254 1
1254 1354 1
1254 1255 1
1255 1355 1
1255 1256 1
1256 1356 1
1256 1257 1
1257 1357 1
1257 1258 1
1258 1358 1
1258 1259 1
1259 1359 1
1259 1260 1
1260 1360 1
1260 1261 1
1261 1361 1
1261 1262 1
1262 1362 1
1262 1263 1
1263 1363 1
1263 1264 1
1264 1364 1
1264 1265 1
1265 1365 1
1265 1266 1
1266 1366 1
1266 1267 1
1267 1367 1
1267 1268 1
1268 1368 1
1268 1269 1
1269 1369 1
1269 1270 1
1270 1370 1
1270 1271 1
1271 1371 1
1271 1272 1
1272 1372 1
1272 1273 1
1273 1373 1
1273 1274 1
1274 1374 1
1274 1275 1
1275 1375 1
1275 1276 1
1276 1376 1
1276 1277 1
1277 1377 1
1277 1278 1
1278 1378 1
1278 1279 1
1279 1379 1
1279 1280 1
1280 1380 1
1280 1281 1
1281 1381 1
1281 1282 1
1282 1382 1
1282 1283 1
1283 1383 1
1283 1284 1
1284 1384 1
1284 1285 1
1285 1385 1
1285 1286 1
1286 1386 1
1286 1287 1
1287 1387 1
1287 1288 1
1288 1388 1
1288 1289 1
1289 1389 1
1289 1290 1
1290 1390 1
1290 1291 1
1291 1391 1
1291 1292 1
1292 1392 1
1292 1293 1
1293 1393 1
1293 1294 1
1294 1394 1
1294 1295 1
1295 1395 1
1295 1296 1
1296 1396 1
1296 1297 1
1297 1397 1
1297 1298 1
1298 1398 1
1298 1299 1
1299 1399 1
1299 1300 1
1300 1400 1
1301 1401 1
1301 1400 1
1301 1302 1
1302 1402 1
1302 1303 1
1303 1403 1
1303 1304 1
1304 1404 1
1304 1305 1
1305 1405 1
1305 1306 1
1306 1406 1
1306 1307 1
1307 1407 1
1307 1308 1
1308 1408 1
1308 1309 1
1309 1409 1
1309 1310 1
1310 1410 1
1310 1311 1
1311 1411 1
1311 1312 1
1312 1412 1
1312 1313 1
1313 1413 1
1313 1314 1
1314 1414 1
1314 1315 1
1315 1415 1
1315 1316 1
1316 1416 1
1316 1317 1
1317 1417 1
1317 1318 1
1318 1418 1
1318 1319 1
1319 1419 1
1319 1320 1
1320 1420 1
1320 1321 1
1321 1421 1
1321 1322 1
1322 1422 1
1322 1323 1
1323 1423 1
1323 1324 1
1324 1424 1
1324 1325 1
1325 1425 1
1325 1326 1
1326 1426 1
1326 1327 1
1327 1427 1
1327 1328 1
1328 1428 1
1328 1329 1
1329 1429 1
1329 1330 1
1330 1430 1
1330 1331 1
1331 1431 1
1331 1332 1
1332 1432 1
1332 1333 1
1333 1433 1
1333 1334 1
1334 1434 1
1334 1335 1
1335 1435 1
1335 1336 1
1336 1436 1
1336 1337 1
1337 1437 1
1337 1338 1
1338 1438 1
1338 1339 1
1339 1439 1
1339 1340 1
1340 1440 1
1340 1341 1
1341 1441 1
1341 1342 1
1342 1442 1
1342 1343 1
1343 1443 1
1343 1344 1
1344 1444 1
1344 1345 1
1345 1445 1
1345 1346 1
1346 1446 1
1346 1347 1
1347 1447 1
1347 1348 1
1348 1448 1
1348 1349 1
1349 1449 1
1349 1350 1
1350 1450 1
1350 1351 1
1351 1451 1
1351 1352 1
1352 1452 1
1352 1353 1
1353 1453 1
1353 1354 1
1354 1454 1
1354 1355 1
1355 1455 1
1355 1356 1
1356 1456 1
1356 1357 1
1357 1457 1
1357 1358 1
1358 1458 1
1358 1359 1
1359 1459 1
1359 1360 1
1360 1460 1
1360 1361 1
1361 1461 1
1361 1362 1
1362 1462 1
1362 1363 1
1363 1463 1
1363 1364 1
1364 1464 1
1364 1365 1
1365 1465 1
1365 1366 1
1366 1466 1
1366 1367 1
1367 1467 1
1367 1368 1
1368 1468 1
1368 1369 1
1369 1469 1
1369 1370 1
1370 1470 1
1370 1371 1
1371 1471 1
1371 1372 1
1372 1472 1
1372 1373 1
1373 1473 1
1373 1374 1
1374 1474 1
1374 1375 1
1375 1475 1
1375 1376 1
1376 1476 1
1376 1377 1
1377 1477 1
1377 1378 1
1378 1478 1
1378 1379 1
1379 1479 1
1379 1380 1
1380 1480 1
1380 1381 1
1381 1481 1
1381 1382 1
1382 1482 1
1382 1383 1
1383 1483 1
1383 1384 1
1384 1484 1
1384 1385 1
1385 1485 1
1385 1386 1
1386 1486 1
1386 1387 1
1387 1487 1
1387 1388 1
1388 1488 1
1388 1389 1
1389 1489 1
1389 1390 1
1390 1490 1
1390 1391 1
1391 1491 1
1391 1392 1
1392 1492 1
1392 1393 1
1393 1493 1
1393 1394 1
1394 1494 1
1394 1395 1
1395 1495 1
1395 1396 1
1396 1496 1
1396 1397 1
1397 1497 1
1397 1398 1
1398 1498 1
1398 1399 1
1399 1499 1
1399 1400 1
1400 1500 1
1401 1501 1
1401 1500 1
1401 1402 1
1402 1502 1
1402 1403 1
1403 1503 1
1403 1404 1
1404 1504 1
1404 1405 1
1405 1505 1
1405 1406 1
1406 1506 1
1406 1407 1
1407 1507 1
1407 1408 1
1408 1508 1
1408 1409 1
1409 1509 1
1409 1410 1
1410 1510 1
1410 1411 1
1411 1511 1
1411 1412 1
1412 1512 1
1412 1413 1
1413 1513 1
1413 1414 1
1414 1514 1
1414 1415 1
1415 1515 1
1415 1416 1
1416 1516 1
1416 1417 1
1417 1517 1
1417 1418 1
1418 1518 1
1418 1419 1
1419 1519 1
1419 1420 1
1420 1520 1
1420 1421 1
1421 1521 1
1421 1422 1
1422 1522 1
1422 1423 1
1423 1523 1
1423 1424 1
1424 1524 1
1424 1425 1
1425 1525 1
1425 1426 1
1426 1526 1
1426 1427 1
1427 1527 1
1427 1428 1
1428 1528 1
1428 1429 1
1429 1529 1
1429 1430 1
1430 1530 1
1430 1431 1
1431 1531 1
1431 1432 1
1432 1532 1
1432 1433 1
1433 1533 1
1433 1434 1
1434 1534 1
1434 1435 1
1435 1535 1
1435 1436 1
1436 1536 1
1436 1437 1
1437 1537 1
1437 1438 1
1438 1538 1
1438 1439 1
1439 1539 1
1439 1440 1
1440 1540 1
1440 1441 1
1441 1541 1
1441 1442 1
1442 1542 1
1442 1443 1
1443 1543 1
1443 1444 1
1444 1544 1
1444 1445 1
1445 1545 1
1445 1446 1
1446 1546 1
1446 1447 1
1447 1547 1
1447 1448 1
1448 1548 1
1448 1449 1
1449 1549 1
1449 1450 1
1450 1550 1
1450 1451 1
1451 1551 1
1451 1452 1
1452 1552 1
1452 1453 1
1453 1553 1
1453 1454 1
1454 1554 1
1454 1455 1
1455 1555 1
1455 1456 1
1456 1556 1
1456 1457 1
1457 1557 1
1457 1458 1
1458 1558 1
1458 1459 1
1459 1559 1
1459 1460 1
1460 1560 1
1460 1461 1
1461 1561 1
1461 1462 1
1462 1562 1
1462 1463 1
1463 1563 1
1463 1464 1
1464 1564 1
1464 1465 1
1465 1565 1
1465 1466 1
1466 1566 1
1466 1467 1
1467 1567 1
1467 1468 1
1468 1568 1
1468 1469 1
1469 1569 1
1469 1470 1
1470 1570 1
1470 1471 1
1471 1571 1
1471 1472 1
1472 1572 1
1472 1473 1
1473 1573 1
1473 1474 1
1474 1574 1
1474 1475 1
1475 1575 1
1475 1476 1
1476 1576 1
1476 1477 1
1477 1577 1
1477 1478 1
1478 1578 1
1478 1479 1
1479 1579 1
1479 1480 1
1480 1580 1
1480 1481 1
1481 1581 1
1481 1482 1
1482 1582 1
1482 1483 1
1483 1583 1
1483 1484 1
1484 1584 1
1484 1485 1
1485 1585 1
1485 1486 1
1486 1586 1
1486 1487 1
1487 1587 1
1487 1488 1
1488 1588 1
1488 1489 1
1489 1589 1
1489 1490 1
1490 1590 1
1490 1491 1
1491 1591 1
1491 1492 1
1492 1592 1
1492 1493 1
1493 1593 1
1493 1494 1
1494 1594 1
1494 1495 1
1495 1595 1
1495 1496 1
1496 1596 1
1496 1497 1
1497 1597 1
1497 1498 1
1498 1598 1
1498 1499 1
1499 1599 1
1499 1500 1
1500 1600 1
1501 1601 1
1501 1600 1
1501 1502 1
1502 1602 1
1502 1503 1
1503 1603 1
1503 1504 1
1504 1604 1
1504 1505 1
1505 1605 1
1505 1506 1
1506 1606 1
1506 1507 1
1507 1607 1
1507 1508 1
1508 1608 1
1508 1509 1
1509 1609 1
1509 1510 1
1510 1610 1
1510 1511 1
1511 1611 1
1511 1512 1
1512 1612 1
1512 1513 1
1513 1613 1
1513 1514 1
1514 1614 1
1514 1515 1
1515 1615 1
1515 1516 1
1516 1616 1
1516 1517 1
1517 1617 1
1517 1518 1
1518 1618 1
1518 1519 1
1519 1619 1
1519 1520 1
1520 1620 1
1520 1521 1
1521 1621 1
1521 1522 1
1522 1622 1
1522 1523 1
1523 1623 1
1523 1524 1
1524 1624 1
1524 1525 1
1525 1625 1
1525 1526 1
1526 1626 1
1526 1527 1
1527 1627 1
1527 1528 1
1528 1628 1
1528 1529 1
1529 1629 1
1529 1530 1
1530 1630 1
1530 1531 1
1531 1631 1
1531 1532 1
1532 1632 1
1532 1533 1
1533 1633 1
1533 1534 1
1534 1634 1
1534 1535 1
1535 1635 1
1535 1536 1
1536 1636 1
1536 1537 1
1537 1637 1
1537 1538 1
1538 1638 1
1538 1539 1
1539 1639 1
1539 1540 1
1540 1640 1
1540 1541 1
1541 1641 1
1541 1542 1
1542 1642 1
1542 1543 1
1543 1643 1
1543 1544 1
1544 1644 1
1544 1545 1
1545 1645 1
1545 1546 1
1546 1646 1
1546 1547 1
1547 1647 1
1547 1548 1
1548 1648 1
1548 1549 1
1549 1649 1
1549 1550 1
1550 1650 1
1550 1551 1
1551 1651 1
1551 1552 1
1552 1652 1
1552 1553 1
1553 1653 1
1553 1554 1
1554 1654 1
1554 1555 1
1555 1655 1
1555 1556 1
1556 1656 1
1556 1557 1
1557 1657 1
1557 1558 1
1558 1658 1
1558 1559 1
1559 1659 1
1559 1560 1
1560 1660 1
1560 1561 1
1561 1661 1
1561 1562 1
1562 1662 1
1562 1563 1
1563 1663 1
1563 1564 1
1564 1664 1
1564 1565 1
1565 1665 1
1565 1566 1
1566 1666 1
1566 1567 1
1567 1667 1
1567 1568 1
1568 1668 1
1568 1569 1
1569 1669 1
1569 1570 1
1570 1670 1
1570 1571 1
1571 1671 1
1571 1572 1
1572 1672 1
1572 1573 1
1573 1673 1
1573 1574 1
1574 1674 1
1574 1575 1
1575 1675 1
1575 1576 1
1576 1676 1
1576 1577 1
1577 1677 1
1577 1578 1
1578 1678 1
1578 1579 1
1579 1679 1
1579 1580 1
1580 1680 1
1580 1581 1
1581 1681 1
1581 1582 1
1582 1682 1
1582 1583 1
1583 1683 1
1583 1584 1
1584 1684 1
1584 1585 1
1585 1685 1
1585 1586 1
1586 1686 1
1586 1587 1
1587 1687 1
1587 1588 1
1588 1688 1
1588 1589 1
1589 1689 1
1589 1590 1
1590 1690 1
1590 1591 1
1591 1691 1
1591 1592 1
1592 1692 1
1592 1593 1
1593 1693 1
1593 1594 1
1594 1694 1
1594 1595 1
1595 1695 1
1595 1596 1
1596 1696 1
1596 1597 1
1597 1697 1
1597 1598 1
1598 1698 1
1598 1599 1
1599 1699 1
1599 1600 1
1600 1700 1
1601 1701 1
1601 1700 1
1601 1602 1
1602 1702 1
1602 1603 1
1603 1703 1
1603 1604 1
1604 1704 1
1604 1605 1
1605 1705 1
1605 1606 1
1606 1706 1
1606 1607 1
1607 1707 1
1607 1608 1
1608 1708 1
1608 1609 1
1609 1709 1
1609 1610 1
1610 1710 1
1610 1611 1
1611 1711 1
1611 1612 1
1612 1712 1
1612 1613 1
1613 1713 1
1613 1614 1
1614 1714 1
1614 1615 1
1615 1715 1
1615 1616 1
1616 1716 1
1616 1617 1
1617 1717 1
1617 1618 1
1618 1718 1
1618 1619 1
1619 1719 1
1619 1620 1
1620 1720 1
1620 1621 1
1621 1721 1
1621 1622 1
1622 1722 1
1622 1623 1
1623 1723 1
1623 1624 1
1624 1724 1
1624 1625 1
1625 1725 1
1625 1626 1
1626 1726 1
1626 1627 1
1627 1727 1
1627 1628 1
1628 1728 1
1628 1629 1
1629 1729 1
1629 1630 1
1630 1730 1
1630 1631 1
1631 1731 1
1631 1632 1
1632 1732 1
1632 1633 1
1633 1733 1
1633 1634 1
1634 1734 1
1634 1635 1
1635 1735 1
1635 1636 1
1636 1736 1
1636 1637 1
1637 1737 1
1637 1638 1
1638 1738 1
1638 1639 1
1639 1739 1
1639 1640 1
1640 1740 1
1640 1641 1
1641 1741 1
1641 1642 1
1642 1742 1
1642 1643 1
1643 1743 1
1643 1644 1
1644 1744 1
1644 1645 1
1645 1745 1
1645 1646 1
1646 1746 1
1646 1647 1
1647 1747 1
1647 1648 1
1648 1748 1
1648 1649 1
1649 1749 1
1649 1650 1
1650 1750 1
1650 1651 1
1651 1751 1
1651 1652 1
1652 1752 1
1652 1653 1
1653 1753 1
1653 1654 1
1654 1754 1
1654 1655 1
1655 1755 1
1655 1656 1
1656 1756 1
1656 1657 1
1657 1757 1
1657 1658 1
1658 1758 1
1658 1659 1
1659 1759 1
1659 1660 1
1660 1760 1
1660 1661 1
1661 1761 1
1661 1662 1
1662 1762 1
1662 1663 1
1663 1763 1
1663 1664 1
1664 1764 1
1664 1665 1
1665 1765 1
1665 1666 1
1666 1766 1
1666 1667 1
1667 1767 1
1667 1668 1
1668 1768 1
1668 1669 1
1669 1769 1
1669 1670 1
1670 1770 1
1670 1671 1
1671 1771 1
1671 1672 1
1672 1772 1
1672 1673 1
1673 1773 1
1673 1674 1
1674 1774 1
1674 1675 1
1675 1775 1
1675 1676 1
1676 1776 1
1676 1677 1
1677 1777 1
1677 1678 1
1678 1778 1
1678 1679 1
1679 1779 1
1679 1680 1
1680 1780 1
1680 1681 1
1681 1781 1
1681 1682 1
1682 1782 1
1682 1683 1
1683 1783 1
1683 1684 1
1684 1784 1
1684 1685 1
1685 1785 1
1685 1686 1
1686 1786 1
1686 1687 1
1687 1787 1
1687 1688 1
1688 1788 1
1688 1689 1
1689 1789 1
1689 1690 1
1690 1790 1
1690 1691 1
1691 1791 1
1691 1692 1
1692 1792 1
1692 1693 1
1693 1793 1
1693 1694 1
1694 1794 1
1694 1695 1
1695 1795 1
1695 1696 1
1696 1796 1
1696 1697 1
1697 1797 1
1697 1698 1
1698 1798 1
1698 1699 1
1699 1799 1
1699 1700 1
1700 1800 1
1701 1801 1
1701 1800 1
1701 1702 1
1702 1802 1
1702 1703 1
1703 1803 1
1703 1704 1
1704 1804 1
1704 1705 1
1705 1805 1
1705 1706 1
1706 1806 1
1706 1707 1
1707 1807 1
1707 1708 1
1708 1808 1
1708 1709 1
1709 1809 1
1709 1710 1
1710 1810 1
1710 1711 1
1711 1811 1
1711 1712 1
1712 1812 1
1712 1713 1
1713 1813 1
1713 1714 1
1714 1814 1
1714 1715 1
1715 1815 1
1715 1716 1
1716 1816 1
1716 1717 1
1717 1817 1
1717 1718 1
1718 1818 1
1718 1719 1
1719 1819 1
1719 1720 1
1720 1820 1
1720 1721 1
1721 1821 1
1721 1722 1
1722 1822 1
1722 1723 1
1723 1823 1
1723 1724 1
1724 1824 1
1724 1725 1
1725 1825 1
1725 1726 1
1726 1826 1
1726 1727 1
1727 1827 1
1727 1728 1
1728 1828 1
1728 1729 1
1729 1829 1
1729 1730 1
1730 1830 1
1730 1731 1
1731 1831 1
1731 1732 1
1732 1832 1
1732 1733 1
1733 1833 1
1733 1734 1
1734 1834 1
1734 1735 1
1735 1835 1
1735 1736 1
1736 1836 1
1736 1737 1
1737 1837 1
1737 1738 1
1738 1838 1
1738 1739 1
1739 1839 1
1739 1740 1
1740 1840 1
1740 1741 1
1741 1841 1
1741 1742 1
1742 1842 1
1742 1743 1
1743 1843 1
1743 1744 1
1744 1844 1
1744 1745 1
1745 1845 1
1745 1746 1
1746 1846 1
1746 1747 1
1747 1847 1
1747 1748 1
1748 1848 1
1748 1749 1
1749 1849 1
1749 1750 1
1750 1850 1
1750 1751 1
1751 1851 1
1751 1752 1
1752 1852 1
1752 1753 1
1753 1853 1
1753 1754 1
1754 1854 1
1754 1755 1
1755 1855 1
1755 1756 1
1756 1856 1
1756 1757 1
1757 1857 1
1757 1758 1
1758 1858 1
1758 1759 1
1759 1859 1
1759 1760 1
1760 1860 1
1760 1761 1
1761 1861 1
1761 1762 1
1762 1862 1
1762 1763 1
1763 1863 1
1763 1764 1
1764 1864 1
1764 1765 1
1765 1865 1
1765 1766 1
1766 1866 1
1766 1767 1
1767 1867 1
1767 1768 1
1768 1868 1
1768 1769 1
1769 1869 1
1769 1770 1
1770 1870 1
1770 1771 1
1771 1871 1
1771 1772 1
1772 1872 1
1772 1773 1
1773 1873 1
1773 1774 1
1774 1874 1
1774 1775 1
1775 1875 1
1775 1776 1
1776 1876 1
1776 1777 1
1777 1877 1
1777 1778 1
1778 1878 1
1778 1779 1
1779 1879 1
1779 1780 1
1780 1880 1
1780 1781 1
1781 1881 1
1781 1782 1
1782 1882 1
1782 1783 1
1783 1883 1
1783 1784 1
1784 1884 1
1784 1785 1
1785 1885 1
1785 1786 1
1786 1886 1
1786 1787 1
1787 1887 1
1787 1788 1
1788 1888 1
1788 1789 1
1789 1889 1
1789 1790 1
1790 1890 1
1790 1791 1
1791 1891 1
1791 1792 1
1792 1892 1
1792 1793 1
1793 1893 1
1793 1794 1
1794 1894 1
1794 1795 1
1795 1895 1
1795 1796 1
1796 1896 1
1796 1797 1
1797 1897 1
1797 1798 1
1798 1898 1
1798 1799 1
1799 1899 1
1799 1800 1
1800 1900 1
1801 1901 1
1801 1900 1
1801 1802 1
1802 1902 1
1802 1803 1
1803 1903 1
1803 1804 1
1804 1904 1
1804 1805 1
1805 1905 1
1805 1806 1
1806 1906 1
1806 1807 1
1807 1907 1
1807 1808 1
1808 1908 1
1808 1809 1
1809 1909 1
1809 1810 1
1810 1910 1
1810 1811 1
1811 1911 1
1811 1812 1
1812 1912 1
1812 1813 1
1813 1913 1
1813 1814 1
1814 1914 1
1814 1815 1
1815 1915 1
1815 1816 1
1816 1916 1
1816 1817 1
1817 1917 1
1817 1818 1
1818 1918 1
1818 1819 1
1819 1919 1
1819 1820 1
1820 1920 1
1820 1821 1
1821 1921 1
1821 1822 1
1822 1922 1
1822 1823 1
1823 1923 1
1823 1824 1
1824 1924 1
1824 1825 1
1825 1925 1
1825 1826 1
1826 1926 1
1826 1827 1
1827 1927 1
1827 1828 1
1828 1928 1
1828 1829 1
1829 1929 1
1829 1830 1
1830 1930 1
1830 1831 1
1831 1931 1
1831 1832 1
1832 1932 1
1832 1833 1
1833 1933 1
1833 1834 1
1834 1934 1
1834 1835 1
1835 1935 1
1835 1836 1
1836 1936 1
1836 1837 1
1837 1937 1
1837 1838 1
1838 1938 1
1838 1839 1
1839 1939 1
1839 1840 1
1840 1940 1
1840 1841 1
1841 1941 1
1841 1842 1
1842 1942 1
1842 1843 1
1843 1943 1
1843 1844 1
1844 1944 1
1844 1845 1
1845 1945 1
1845 1846 1
1846 1946 1
1846 1847 1
1847 1947 1
1847 1848 1
1848 1948 1
1848 1849 1
1849 1949 1
1849 1850 1
1850 1950 1
1850 1851 1
1851 1951 1
1851 1852 1
1852 1952 1
1852 1853 1
1853 1953 1
1853 1854 1
1854 1954 1
1854 1855 1
1855 1955 1
1855 1856 1
1856 1956 1
1856 1857 1
1857 1957 1
1857 1858 1
1858 1958 1
1858 1859 1
1859 1959 1
1859 1860 1
1860 1960 1
1860 1861 1
1861 1961 1
1861 1862 1
1862 1962 1
1862 1863 1
1863 1963 1
1863 1864 1
1864 1964 1
1864 1865 1
1865 1965 1
1865 1866 1
1866 1966 1
1866 1867 1
1867 1967 1
1867 1868 1
1868 1968 1
1868 1869 1
1869 1969 1
1869 1870 1
1870 1970 1
1870 1871 1
1871 1971 1
1871 1872 1
1872 1972 1
1872 1873 1
1873 1973 1
1873 1874 1
1874 1974 1
1874 1875 1
1875 1975 1
1875 1876 1
1876 1976 1
1876 1877 1
1877 1977 1
1877 1878 1
1878 1978 1
1878 1879 1
1879 1979 1
1879 1880 1
1880 1980 1
1880 1881 1
1881 1981 1
1881 1882 1
1882 1982 1
1882 1883 1
1883 1983 1
1883 1884 1
1884 1984 1
1884 1885 1
1885 1985 1
1885 1886 1
1886 1986 1
1886 1887 1
1887 1987 1
1887 1888 1
1888 1988 1
1888 1889 1
1889 1989 1
1889 1890 1
1890 1990 1
1890 1891 1
1891 1991 1
1891 1892 1
1892 1992 1
1892 1893 1
1893 1993 1
1893 1894 1
1894 1994 1
1894 1895 1
1895 1995 1
1895 1896 1
1896 1996 1
1896 1897 1
1897 1997 1
1897 1898 1
1898 1998 1
1898 1899 1
1899 1999 1
1899 1900 1
1900 2000 1
1901 2001 1
1901 2000 1
1901 1902 1
1902 2002 1
1902 1903 1
1903 2003 1
1903 1904 1
1904 2004 1
1904 1905 1
1905 2005 1
1905 1906 1
1906 2006 1
1906 1907 1
1907 2007 1
1907 1908 1
1908 2008 1
1908 1909 1
1909 2009 1
1909 1910 1
1910 2010 1
1910 1911 1
1911 2011 1
1911 1912 1
1912 2012 1
1912 1913 1
1913 2013 1
1913 1914 1
1914 2014 1
1914 1915 1
1915 2015 1
1915 1916 1
1916 2016 1
1916 1917 1
1917 2017 1
1917 1918 1
1918 2018 1
1918 1919 1
1919 2019 1
1919 1920 1
1920 2020 1
1920 1921 1
1921 2021 1
1921 1922 1
1922 2022 1
1922 1923 1
1923 2023 1
1923 1924 1
1924 2024 1
1924 1925 1
1925 2025 1
1925 1926 1
1926 2026 1
1926 1927 1
1927 2027 1
1927 1928 1
1928 2028 1
1928 1929 1
1929 2029 1
1929 1930 1
1930 2030 1
1930 1931 1
1931 2031 1
1931 1932 1
1932 2032 1
1932 1933 1
1933 2033 1
1933 1934 1
1934 2034 1
1934 1935 1
1935 2035 1
1935 1936 1
1936 2036 1
1936 1937 1
1937 2037 1
1937 1938 1
1938 2038 1
1938 1939 1
1939 2039 1
1939 1940 1
1940 2040 1
1940 1941 1
1941 2041 1
1941 1942 1
1942 2042 1
1942 1943 1
1943 2043 1
1943 1944 1
1944 2044 1
1944 1945 1
1945 2045 1
1945 1946 1
1946 2046 1
1946 1947 1
1947 2047 1
1947 1948 1
1948 2048 1
1948 1949 1
1949 2049 1
1949 1950 1
1950 2050 1
1950 1951 1
1951 2051 1
1951 1952 1
1952 2052 1
1952 1953 1
1953 2053 1
1953 1954 1
1954 2054 1
1954 1955 1
1955 2055 1
1955 1956 1
1956 2056 1
1956 1957 1
1957 2057 1
1957 1958 1
1958 2058 1
1958 1959 1
1959 2059 1
1959 1960 1
1960 2060 1
1960 1961 1
1961 2061 1
1961 1962 1
1962 2062 1
1962 1963 1
1963 2063 1
1963 1964 1
1964 2064 1
1964 1965 1
1965 2065 1
1965 1966 1
1966 2066 1
1966 1967 1
1967 2067 1
1967 1968 1
1968 2068 1
1968 1969 1
1969 2069 1
1969 1970 1
1970 2070 1
1970 1971 1
1971 2071 1
1971 1972 1
1972 2072 1
1972 1973 1
1973 2073 1
1973 1974 1
1974 2074 1
1974 1975 1
1975 2075 1
1975 1976 1
1976 2076 1
1976 1977 1
1977 2077 1
1977 1978 1
1978 2078 1
1978 1979 1
1979 2079 1
1979 1980 1
1980 2080 1
1980 1981 1
1981 2081 1
1981 1982 1
1982 2082 1
1982 1983 1
1983 2083 1
1983 1984 1
1984 2084 1
1984 1985 1
1985 2085 1
1985 1986 1
1986 2086 1
1986 1987 1
1987 2087 1
1987 1988 1
1988 2088 1
1988 1989 1
1989 2089 1
1989 1990 1
1990 2090 1
1990 1991 1
1991 2091 1
1991 1992 1
1992 2092 1
1992 1993 1
1993 2093 1
1993 1994 1
1994 2094 1
1994 1995 1
1995 2095 1
1995 1996 1
1996 2096 1
1996 1997 1
1997 2097 1
1997 1998 1
1998 2098 1
1998 1999 1
1999 2099 1
1999 2000 1
2000 2100 1
2001 2101 1
2001 2100 1
2001 2002 1
2002 2102 1
2002 2003 1
2003 2103 1
2003 2004 1
2004 2104 1
2004 2005 1
2005 2105 1
2005 2006 1
2006 2106 1
2006 2007 1
2007 2107 1
2007 2008 1
2008 2108 1
2008 2009 1
2009 2109 1
2009 2010 1
2010 2110 1
2010 2011 1
2011 2111 1
2011 2012 1
2012 2112 1
2012 2013 1
2013 2113 1
2013 2014 1
2014 2114 1
2014 2015 1
2015 2115 1
2015 2016 1
2016 2116 1
2016 2017 1
2017 2117 1
2017 2018 1
2018 2118 1
2018 2019 1
2019 2119 1
2019 2020 1
2020 2120 1
2020 2021 1
2021 2121 1
2021 2022 1
2022 2122 1
2022 2023 1
2023 2123 1
2023 2024 1
2024 2124 1
2024 2025 1
2025 2125 1
2025 2026 1
2026 2126 1
2026 2027 1
2027 2127 1
2027 2028 1
2028 2128 1
2028 2029 1
2029 2129 1
2029 2030 1
2030 2130 1
2030 2031 1
2031 2131 1
2031 2032 1
2032 2132 1
2032 2033 1
2033 2133 1
2033 2034 1
2034 2134 1
2034 2035 1
2035 2135 1
2035 2036 1
2036 2136 1
2036 2037 1
2037 2137 1
2037 2038 1
2038 2138 1
2038 2039 1
2039 2139 1
2039 2040 1
2040 2140 1
2040 2041 1
2041 2141 1
2041 2042 1
2042 2142 1
2042 2043 1
2043 2143 1
2043 2044 1
2044 2144 1
2044 2045 1
2045 2145 1
2045 2046 1
2046 2146 1
2046 2047 1
2047 2147 1
2047 2048 1
2048 2148 1
2048 2049 1
2049 2149 1
2049 2050 1
2050 2150 1
2050 2051 1
2051 2151 1
2051 2052 1
2052 2152 1
2052 2053 1
2053 2153 1
2053 2054 1
2054 2154 1
2054 2055 1
2055 2155 1
2055 2056 1
2056 2156 1
2056 2057 1
2057 2157 1
2057 2058 1
2058 2158 1
2058 2059 1
2059 2159 1
2059 2060 1
2060 2160 1
2060 2061 1
2061 2161 1
2061 2062 1
2062 2162 1
2062 2063 1
2063 2163 1
2063 2064 1
2064 2164 1
2064 2065 1
2065 2165 1
2065 2066 1
2066 2166 1
2066 2067 1
2067 2167 1
2067 2068 1
2068 2168 1
2068 2069 1
2069 2169 1
2069 2070 1
2070 2170 1
2070 2071 1
2071 2171 1
2071 2072 1
2072 2172 1
2072 2073 1
2073 2173 1
2073 2074 1
2074 2174 1
2074 2075 1
2075 2175 1
2075 2076 1
2076 2176 1
2076 2077 1
2077 2177 1
2077 2078 1
2078 2178 1
2078 2079 1
2079 2179 1
2079 2080 1
2080 2180 1
2080 2081 1
2081 2181 1
2081 2082 1
2082 2182 1
2082 2083 1
2083 2183 1
2083 2084 1
2084 2184 1
2084 2085 1
2085 2185 1
2085 2086 1
2086 2186 1
2086 2087 1
2087 2187 1
2087 2088 1
2088 2188 1
2088 2089 1
2089 2189 1
2089 2090 1
2090 2190 1
2090 2091 1
2091 2191 1
2091 2092 1
2092 2192 1
2092 2093 1
2093 2193 1
2093 2094 1
2094 2194 1
2094 2095 1
2095 2195 1
2095 2096 1
2096 2196 1
2096 2097 1
2097 2197 1
2097 2098 1
2098 2198 1
2098 2099 1
2099 2199 1
2099 2100 1
2100 2200 1
2101 2201 1
2101 2200 1
2101 2102 1
2102 2202 1
2102 2103 1
2103 2203 1
2103 2104 1
2104 2204 1
2104 2105 1
2105 2205 1
2105 2106 1
2106 2206 1
2106 2107 1
2107 2207 1
2107 2108 1
2108 2208 1
2108 2109 1
2109 2209 1
2109 2110 1
2110 2210 1
2110 2111 1
2111 2211 1
2111 2112 1
2112 2212 1
2112 2113 1
2113 2213 1
2113 2114 1
2114 2214 1
2114 2115 1
2115 2215 1
2115 2116 1
2116 2216 1
2116 2117 1
2117 2217 1
2117 2118 1
2118 2218 1
2118 2119 1
2119 2219 1
2119 2120 1
2120 2220 1
2120 2121 1
2121 2221 1
2121 2122 1
2122 2222 1
2122 2123 1
2123 2223 1
2123 2124 1
2124 2224 1
2124 2125 1
2125 2225 1
2125 2126 1
2126 2226 1
2126 2127 1
2127 2227 1
2127 2128 1
2128 2228 1
2128 2129 1
2129 2229 1
2129 2130 1
2130 2230 1
2130 2131 1
2131 2231 1
2131 2132 1
2132 2232 1
2132 2133 1
2133 2233 1
2133 2134 1
2134 2234 1
2134 2135 1
2135 2235 1
2135 2136 1
2136 2236 1
2136 2137 1
2137 2237 1
2137 2138 1
2138 2238 1
2138 2139 1
2139 2239 1
2139 2140 1
2140 2240 1
2140 2141 1
2141 2241 1
2141 2142 1
2142 2242 1
2142 2143 1
2143 2243 1
2143 2144 1
2144 2244 1
2144 2145 1
2145 2245 1
2145 2146 1
2146 2246 1
2146 2147 1
2147 2247 1
2147 2148 1
2148 2248 1
2148 2149 1
2149 2249 1
2149 2150 1
2150 2250 1
2150 2151 1
2151 2251 1
2151 2152 1
2152 2252 1
2152 2153 1
2153 2253 1
2153 2154 1
2154 2254 1
2154 2155 1
2155 2255 1
2155 2156 1
2156 2256 1
2156 2157 1
2157 2257 1
2157 2158 1
2158 2258 1
2158 2159 1
2159 2259 1
2159 2160 1
2160 2260 1
2160 2161 1
2161 2261 1
2161 2162 1
2162 2262 1
2162 2163 1
2163 2263 1
2163 2164 1
2164 2264 1
2164 2165 1
2165 2265 1
2165 2166 1
2166 2266 1
2166 2167 1
2167 2267 1
2167 2168 1
2168 2268 1
2168 2169 1
2169 2269 1
2169 2170 1
2170 2270 1
2170 2171 1
2171 2271 1
2171 2172 1
2172 2272 1
2172 2173 1
2173 2273 1
2173 2174 1
2174 2274 1
2174 2175 1
2175 2275 1
2175 2176 1
2176 2276 1
2176 2177 1
2177 2277 1
2177 2178 1
2178 2278 1
2178 2179 1
2179 2279 1
2179 2180 1
2180 2280 1
2180 2181 1
2181 2281 1
2181 2182 1
2182 2282 1
2182 2183 1
2183 2283 1
2183 2184 1
2184 2284 1
2184 2185 1
2185 2285 1
2185 2186 1
2186 2286 1
2186 2187 1
2187 2287 1
2187 2188 1
2188 2288 1
2188 2189 1
2189 2289 1
2189 2190 1
2190 2290 1
2190 2191 1
2191 2291 1
2191 2192 1
2192 2292 1
2192 2193 1
2193 2293 1
2193 2194 1
2194 2294 1
2194 2195 1
2195 2295 1
2195 2196 1
2196 2296 1
2196 2197 1
2197 2297 1
2197 2198 1
2198 2298 1
2198 2199 1
2199 2299 1
2199 2200 1
2200 2300 1
2201 2301 1
2201 2300 1
2201 2202 1
2202 2302 1
2202 2203 1
2203 2303 1
2203 2204 1
2204 2304 1
2204 2205 1
2205 2305 1
2205 2206 1
2206 2306 1
2206 2207 1
2207 2307 1
2207 2208 1
2208 2308 1
2208 2209 1
2209 2309 1
2209 2210 1
2210 2310 1
2210 2211 1
2211 2311 1
2211 2212 1
2212 2312 1
2212 2213 1
2213 2313 1
2213 2214 1
2214 2314 1
2214 2215 1
2215 2315 1
2215 2216 1
2216 2316 1
2216 2217 1
2217 2317 1
2217 2218 1
2218 2318 1
2218 2219 1
2219 2319 1
2219 2220 1
2220 2320 1
2220 2221 1
2221 2321 1
2221 2222 1
2222 2322 1
2222 2223 1
2223 2323 1
2223 2224 1
2224 2324 1
2224 2225 1
2225 2325 1
2225 2226 1
2226 2326 1
2226 2227 1
2227 2327 1
2227 2228 1
2228 2328 1
2228 2229 1
2229 2329 1
2229 2230 1
2230 2330 1
2230 2231 1
2231 2331 1
2231 2232 1
2232 2332 1
2232 2233 1
2233 2333 1
2233 2234 1
2234 2334 1
2234 2235 1
2235 2335 1
2235 2236 1
2236 2336 1
2236 2237 1
2237 2337 1
2237 2238 1
2238 2338 1
2238 2239 1
2239 2339 1
2239 2240 1
2240 2340 1
2240 2241 1
2241 2341 1
2241 2242 1
2242 2342 1
2242 2243 1
2243 2343 1
2243 2244 1
2244 2344 1
2244 2245 1
2245 2345 1
2245 2246 1
2246 2346 1
2246 2247 1
2247 2347 1
2247 2248 1
2248 2348 1
2248 2249 1
2249 2349 1
2249 2250 1
2250 2350 1
2250 2251 1
2251 2351 1
2251 2252 1
2252 2352 1
2252 2253 1
2253 2353 1
2253 2254 1
2254 2354 1
2254 2255 1
2255 2355 1
2255 2256 1
2256 2356 1
2256 2257 1
2257 2357 1
2257 2258 1
2258 2358 1
2258 2259 1
2259 2359 1
2259 2260 1
2260 2360 1
2260 2261 1
2261 2361 1
2261 2262 1
2262 2362 1
2262 2263 1
2263 2363 1
2263 2264 1
2264 2364 1
2264 2265 1
2265 2365 1
2265 2266 1
2266 2366 1
2266 2267 1
2267 2367 1
2267 2268 1
2268 2368 1
2268 2269 1
2269 2369 1
2269 2270 1
2270 2370 1
2270 2271 1
2271 2371 1
2271 2272 1
2272 2372 1
2272 2273 1
2273 2373 1
2273 2274 1
2274 2374 1
2274 2275 1
2275 2375 1
2275 2276 1
2276 2376 1
2276 2277 1
2277 2377 1
2277 2278 1
2278 2378 1
2278 2279 1
2279 2379 1
2279 2280 1
2280 2380 1
2280 2281 1
2281 2381 1
2281 2282 1
2282 2382 1
2282 2283 1
2283 2383 1
2283 2284 1
2284 2384 1
2284 2285 1
2285 2385 1
2285 2286 1
2286 2386 1
2286 2287 1
2287 2387 1
2287 2288 1
2288 2388 1
2288 2289 1
2289 2389 1
2289 2290 1
2290 2390 1
2290 2291 1
2291 2391 1
2291 2292 1
2292 2392 1
2292 2293 1
2293 2393 1
2293 2294 1
2294 2394 1
2294 2295 1
2295 2395 1
2295 2296 1
2296 2396 1
2296 2297 1
2297 2397 1
2297 2298 1
2298 2398 1
2298 2299 1
2299 2399 1
2299 2300 1
2300 2400 1
2301 2401 1
2301 2400 1
2301 2302 1
2302 2402 1
2302 2303 1
2303 2403 1
2303 2304 1
2304 2404 1
2304 2305 1
2305 2405 1
2305 2306 1
2306 2406 1
2306 2307 1
2307 2407 1
2307 2308 1
2308 2408 1
2308 2309 1
2309 2409 1
2309 2310 1
2310 2410 1
2310 2311 1
2311 2411 1
2311 2312 1
2312 2412 1
2312 2313 1
2313 2413 1
2313 2314 1
2314 2414 1
2314 2315 1
2315 2415 1
2315 2316 1
2316 2416 1
2316 2317 1
2317 2417 1
2317 2318 1
2318 2418 1
2318 2319 1
2319 2419 1
2319 2320 1
2320 2420 1
2320 2321 1
2321 2421 1
2321 2322 1
2322 2422 1
2322 2323 1
2323 2423 1
2323 2324 1
2324 2424 1
2324 2325 1
2325 2425 1
2325 2326 1
2326 2426 1
2326 2327 1
2327 2427 1
2327 2328 1
2328 2428 1
2328 2329 1
2329 2429 1
2329 2330 1
2330 2430 1
2330 2331 1
2331 2431 1
2331 2332 1
2332 2432 1
2332 2333 1
2333 2433 1
2333 2334 1
2334 2434 1
2334 2335 1
2335 2435 1
2335 2336 1
2336 2436 1
2336 2337 1
2337 2437 1
2337 2338 1
2338 2438 1
2338 2339 1
2339 2439 1
2339 2340 1
2340 2440 1
2340 2341 1
2341 2441 1
2341 2342 1
2342 2442 1
2342 2343 1
2343 2443 1
2343 2344 1
2344 2444 1
2344 2345 1
2345 2445 1
2345 2346 1
2346 2446 1
2346 2347 1
2347 2447 1
2347 2348 1
2348 2448 1
2348 2349 1
2349 2449 1
2349 2350 1
2350 2450 1
2350 2351 1
2351 2451 1
2351 2352 1
2352 2452 1
2352 2353 1
2353 2453 1
2353 2354 1
2354 2454 1
2354 2355 1
2355 2455 1
2355 2356 1
2356 2456 1
2356 2357 1
2357 2457 1
2357 2358 1
2358 2458 1
2358 2359 1
2359 2459 1
2359 2360 1
2360 2460 1
2360 2361 1
2361 2461 1
2361 2362 1
2362 2462 1
2362 2363 1
2363 2463 1
2363 2364 1
2364 2464 1
2364 2365 1
2365 2465 1
2365 2366 1
2366 2466 1
2366 2367 1
2367 2467 1
2367 2368 1
2368 2468 1
2368 2369 1
2369 2469 1
2369 2370 1
2370 2470 1
2370 2371 1
2371 2471 1
2371 2372 1
2372 2472 1
2372 2373 1
2373 2473 1
2373 2374 1
2374 2474 1
2374 2375 1
2375 2475 1
2375 2376 1
2376 2476 1
2376 2377 1
2377 2477 1
2377 2378 1
2378 2478 1
2378 2379 1
2379 2479 1
2379 2380 1
2380 2480 1
2380 2381 1
2381 2481 1
2381 2382 1
2382 2482 1
2382 2383 1
2383 2483 1
2383 2384 1
2384 2484 1
2384 2385 1
2385 2485 1
2385 2386 1
2386 2486 1
2386 2387 1
2387 2487 1
2387 2388 1
2388 2488 1
2388 2389 1
2389 2489 1
2389 2390 1
2390 2490 1
2390 2391 1
2391 2491 1
2391 2392 1
2392 2492 1
2392 2393 1
2393 2493 1
2393 2394 1
2394 2494 1
2394 2395 1
2395 2495 1
2395 2396 1
2396 2496 1
2396 2397 1
2397 2497 1
2397 2398 1
2398 2498 1
2398 2399 1
2399 2499 1
2399 2400 1
2400 2500 1
2401 2501 1
2401 2500 1
2401 2402 1
2402 2502 1
2402 2403 1
2403 2503 1
2403 2404 1
2404 2504 1
2404 2405 1
2405 2505 1
2405 2406 1
2406 2506 1
2406 2407 1
2407 2507 1
2407 2408 1
2408 2508 1
2408 2409 1
2409 2509 1
2409 2410 1
2410 2510 1
2410 2411 1
2411 2511 1
2411 2412 1
2412 2512 1
2412 2413 1
2413 2513 1
2413 2414 1
2414 2514 1
2414 2415 1
2415 2515 1
2415 2416 1
2416 2516 1
2416 2417 1
2417 2517 1
2417 2418 1
2418 2518 1
2418 2419 1
2419 2519 1
2419 2420 1
2420 2520 1
2420 2421 1
2421 2521 1
2421 2422 1
2422 2522 1
2422 2423 1
2423 2523 1
2423 2424 1
2424 2524 1
2424 2425 1
2425 2525 1
2425 2426 1
2426 2526 1
2426 2427 1
2427 2527 1
2427 2428 1
2428 2528 1
2428 2429 1
2429 2529 1
2429 2430 1
2430 2530 1
2430 2431 1
2431 2531 1
2431 2432 1
2432 2532 1
2432 2433 1
2433 2533 1
2433 2434 1
2434 2534 1
2434 2435 1
2435 2535 1
2435 2436 1
2436 2536 1
2436 2437 1
2437 2537 1
2437 2438 1
2438 2538 1
2438 2439 1
2439 2539 1
2439 2440 1
2440 2540 1
2440 2441 1
2441 2541 1
2441 2442 1
2442 2542 1
2442 2443 1
2443 2543 1
2443 2444 1
2444 2544 1
2444 2445 1
2445 2545 1
2445 2446 1
2446 2546 1
2446 2447 1
2447 2547 1
2447 2448 1
2448 2548 1
2448 2449 1
2449 2549 1
2449 2450 1
2450 2550 1
2450 2451 1
2451 2551 1
2451 2452 1
2452 2552 1
2452 2453 1
2453 2553 1
2453 2454 1
2454 2554 1
2454 2455 1
2455 2555 1
2455 2456 1
2456 2556 1
2456 2457 1
2457 2557 1
2457 2458 1
2458 2558 1
2458 2459 1
2459 2559 1
2459 2460 1
2460 2560 1
2460 2461 1
2461 2561 1
2461 2462 1
2462 2562 1
2462 2463 1
2463 2563 1
2463 2464 1
2464 2564 1
2464 2465 1
2465 2565 1
2465 2466 1
2466 2566 1
2466 2467 1
2467 2567 1
2467 2468 1
2468 2568 1
2468 2469 1
2469 2569 1
2469 2470 1
2470 2570 1
2470 2471 1
2471 2571 1
2471 2472 1
2472 2572 1
2472 2473 1
2473 2573 1
2473 2474 1
2474 2574 1
2474 2475 1
2475 2575 1
2475 2476 1
2476 2576 1
2476 2477 1
2477 2577 1
2477 2478 1
2478 2578 1
2478 2479 1
2479 2579 1
2479 2480 1
2480 2580 1
2480 2481 1
2481 2581 1
2481 2482 1
2482 2582 1
2482 2483 1
2483 2583 1
2483 2484 1
2484 2584 1
2484 2485 1
2485 2585 1
2485 2486 1
2486 2586 1
2486 2487 1
2487 2587 1
2487 2488 1
2488 2588 1
2488 2489 1
2489 2589 1
2489 2490 1
2490 2590 1
2490 2491 1
2491 2591 1
2491 2492 1
2492 2592 1
2492 2493 1
2493 2593 1
2493 2494 1
2494 2594 1
2494 2495 1
2495 2595 1
2495 2496 1
2496 2596 1
2496 2497 1
2497 2597 1
2497 2498 1
2498 2598 1
2498 2499 1
2499 2599 1
2499 2500 1
2500 2600 1
2501 2601 1
2501 2600 1
2501 2502 1
2502 2602 1
2502 2503 1
2503 2603 1
2503 2504 1
2504 2604 1
2504 2505 1
2505 2605 1
2505 2506 1
2506 2606 1
2506 2507 1
2507 2607 1
2507 2508 1
2508 2608 1
2508 2509 1
2509 2609 1
2509 2510 1
2510 2610 1
2510 2511 1
2511 2611 1
2511 2512 1
2512 2612 1
2512 2513 1
2513 2613 1
2513 2514 1
2514 2614 1
2514 2515 1
2515 2615 1
2515 2516 1
2516 2616 1
2516 2517 1
2517 2617 1
2517 2518 1
2518 2618 1
2518 2519 1
2519 2619 1
2519 2520 1
2520 2620 1
2520 2521 1
2521 2621 1
2521 2522 1
2522 2622 1
2522 2523 1
2523 2623 1
2523 2524 1
2524 2624 1
2524 2525 1
2525 2625 1
2525 2526 1
2526 2626 1
2526 2527 1
2527 2627 1
2527 2528 1
2528 2628 1
2528 2529 1
2529 2629 1
2529 2530 1
2530 2630 1
2530 2531 1
2531 2631 1
2531 2532 1
2532 2632 1
2532 2533 1
2533 2633 1
2533 2534 1
2534 2634 1
2534 2535 1
2535 2635 1
2535 2536 1
2536 2636 1
2536 2537 1
2537 2637 1
2537 2538 1
2538 2638 1
2538 2539 1
2539 2639 1
2539 2540 1
2540 2640 1
2540 2541 1
2541 2641 1
2541 2542 1
2542 2642 1
2542 2543 1
2543 2643 1
2543 2544 1
2544 2644 1
2544 2545 1
2545 2645 1
2545 2546 1
2546 2646 1
2546 2547 1
2547 2647 1
2547 2548 1
2548 2648 1
2548 2549 1
2549 2649 1
2549 2550 1
2550 2650 1
2550 2551 1
2551 2651 1
2551 2552 1
2552 2652 1
2552 2553 1
2553 2653 1
2553 2554 1
2554 2654 1
2554 2555 1
2555 2655 1
2555 2556 1
2556 2656 1
2556 2557 1
2557 2657 1
2557 2558 1
2558 2658 1
2558 2559 1
2559 2659 1
2559 2560 1
2560 2660 1
2560 2561 1
2561 2661 1
2561 2562 1
2562 2662 1
2562 2563 1
2563 2663 1
2563 2564 1
2564 2664 1
2564 2565 1
2565 2665 1
2565 2566 1
2566 2666 1
2566 2567 1
2567 2667 1
2567 2568 1
2568 2668 1
2568 2569 1
2569 2669 1
2569 2570 1
2570 2670 1
2570 2571 1
2571 2671 1
2571 2572 1
2572 2672 1
2572 2573 1
2573 2673 1
2573 2574 1
2574 2674 1
2574 2575 1
2575 2675 1
2575 2576 1
2576 2676 1
2576 2577 1
2577 2677 1
2577 2578 1
2578 2678 1
2578 2579 1
2579 2679 1
2579 2580 1
2580 2680 1
2580 2581 1
2581 2681 1
2581 2582 1
2582 2682 1
2582 2583 1
2583 2683 1
2583 2584 1
2584 2684 1
2584 2585 1
2585 2685 1
2585 2586 1
2586 2686 1
2586 2587 1
2587 2687 1
2587 2588 1
2588 2688 1
2588 2589 1
2589 2689 1
2589 2590 1
2590 2690 1
2590 2591 1
2591 2691 1
2591 2592 1
2592 2692 1
2592 2593 1
2593 2693 1
2593 2594 1
2594 2694 1
2594 2595 1
2595 2695 1
2595 2596 1
2596 2696 1
2596 2597 1
2597 2697 1
2597 2598 1
2598 2698 1
2598 2599 1
2599 2699 1
2599 2600 1
2600 2700 1
2601 2701 1
2601 2700 1
2601 2602 1
2602 2702 1
2602 2603 1
2603 2703 1
2603 2604 1
2604 2704 1
2604 2605 1
2605 2705 1
2605 2606 1
2606 2706 1
2606 2607 1
2607 2707 1
2607 2608 1
2608 2708 1
2608 2609 1
2609 2709 1
2609 2610 1
2610 2710 1
2610 2611 1
2611 2711 1
2611 2612 1
2612 2712 1
2612 2613 1
2613 2713 1
2613 2614 1
2614 2714 1
2614 2615 1
2615 2715 1
2615 2616 1
2616 2716 1
2616 2617 1
2617 2717 1
2617 2618 1
2618 2718 1
2618 2619 1
2619 2719 1
2619 2620 1
2620 2720 1
2620 2621 1
2621 2721 1
2621 2622 1
2622 2722 1
2622 2623 1
2623 2723 1
2623 2624 1
2624 2724 1
2624 2625 1
2625 2725 1
2625 2626 1
2626 2726 1
2626 2627 1
2627 2727 1
2627 2628 1
2628 2728 1
2628 2629 1
2629 2729 1
2629 2630 1
2630 2730 1
2630 2631 1
2631 2731 1
2631 2632 1
2632 2732 1
2632 2633 1
2633 2733 1
2633 2634 1
2634 2734 1
2634 2635 1
2635 2735 1
2635 2636 1
2636 2736 1
2636 2637 1
2637 2737 1
2637 2638 1
2638 2738 1
2638 2639 1
2639 2739 1
2639 2640 1
2640 2740 1
2640 2641 1
2641 2741 1
2641 2642 1
2642 2742 1
2642 2643 1
2643 2743 1
2643 2644 1
2644 2744 1
2644 2645 1
2645 2745 1
2645 2646 1
2646 2746 1
2646 2647 1
2647 2747 1
2647 2648 1
2648 2748 1
2648 2649 1
2649 2749 1
2649 2650 1
2650 2750 1
2650 2651 1
2651 2751 1
2651 2652 1
2652 2752 1
2652 2653 1
2653 2753 1
2653 2654 1
2654 2754 1
2654 2655 1
2655 2755 1
2655 2656 1
2656 2756 1
2656 2657 1
2657 2757 1
2657 2658 1
2658 2758 1
2658 2659 1
2659 2759 1
2659 2660 1
2660 2760 1
2660 2661 1
2661 2761 1
2661 2662 1
2662 2762 1
2662 2663 1
2663 2763 1
2663 2664 1
2664 2764 1
2664 2665 1
2665 2765 1
2665 2666 1
2666 2766 1
2666 2667 1
2667 2767 1
2667 2668 1
2668 2768 1
2668 2669 1
2669 2769 1
2669 2670 1
2670 2770 1
2670 2671 1
2671 2771 1
2671 2672 1
2672 2772 1
2672 2673 1
2673 2773 1
2673 2674 1
2674 2774 1
2674 2675 1
2675 2775 1
2675 2676 1
2676 2776 1
2676 2677 1
2677 2777 1
2677 2678 1
2678 2778 1
2678 2679 1
2679 2779 1
2679 2680 1
2680 2780 1
2680 2681 1
2681 2781 1
2681 2682 1
2682 2782 1
2682 2683 1
2683 2783 1
2683 2684 1
2684 2784 1
2684 2685 1
2685 2785 1
2685 2686 1
2686 2786 1
2686 2687 1
2687 2787 1
2687 2688 1
2688 2788 1
2688 2689 1
2689 2789 1
2689 2690 1
2690 2790 1
2690 2691 1
2691 2791 1
2691 2692 1
2692 2792 1
2692 2693 1
2693 2793 1
2693 2694 1
2694 2794 1
2694 2695 1
2695 2795 1
2695 2696 1
2696 2796 1
2696 2697 1
2697 2797 1
2697 2698 1
2698 2798 1
2698 2699 1
2699 2799 1
2699 2700 1
2700 2800 1
2701 2801 1
2701 2800 1
2701 2702 1
2702 2802 1
2702 2703 1
2703 2803 1
2703 2704 1
2704 2804 1
2704 2705 1
2705 2805 1
2705 2706 1
2706 2806 1
2706 2707 1
2707 2807 1
2707 2708 1
2708 2808 1
2708 2709 1
2709 2809 1
2709 2710 1
2710 2810 1
2710 2711 1
2711 2811 1
2711 2712 1
2712 2812 1
2712 2713 1
2713 2813 1
2713 2714 1
2714 2814 1
2714 2715 1
2715 2815 1
2715 2716 1
2716 2816 1
2716 2717 1
2717 2817 1
2717 2718 1
2718 2818 1
2718 2719 1
2719 2819 1
2719 2720 1
2720 2820 1
2720 2721 1
2721 2821 1
2721 2722 1
2722 2822 1
2722 2723 1
2723 2823 1
2723 2724 1
2724 2824 1
2724 2725 1
2725 2825 1
2725 2726 1
2726 2826 1
2726 2727 1
2727 2827 1
2727 2728 1
2728 2828 1
2728 2729 1
2729 2829 1
2729 2730 1
2730 2830 1
2730 2731 1
2731 2831 1
2731 2732 1
2732 2832 1
2732 2733 1
2733 2833 1
2733 2734 1
2734 2834 1
2734 2735 1
2735 2835 1
2735 2736 1
2736 2836 1
2736 2737 1
2737 2837 1
2737 2738 1
2738 2838 1
2738 2739 1
2739 2839 1
2739 2740 1
2740 2840 1
2740 2741 1
2741 2841 1
2741 2742 1
2742 2842 1
2742 2743 1
2743 2843 1
2743 2744 1
2744 2844 1
2744 2745 1
2745 2845 1
2745 2746 1
2746 2846 1
2746 2747 1
2747 2847 1
2747 2748 1
2748 2848 1
2748 2749 1
2749 2849 1
2749 2750 1
2750 2850 1
2750 2751 1
2751 2851 1
2751 2752 1
2752 2852 1
2752 2753 1
2753 2853 1
2753 2754 1
2754 2854 1
2754 2755 1
2755 2855 1
2755 2756 1
2756 2856 1
2756 2757 1
2757 2857 1
2757 2758 1
2758 2858 1
2758 2759 1
2759 2859 1
2759 2760 1
2760 2860 1
2760 2761 1
2761 2861 1
2761 2762 1
2762 2862 1
2762 2763 1
2763 2863 1
2763 2764 1
2764 2864 1
2764 2765 1
2765 2865 1
2765 2766 1
2766 2866 1
2766 2767 1
2767 2867 1
2767 2768 1
2768 2868 1
2768 2769 1
2769 2869 1
2769 2770 1
2770 2870 1
2770 2771 1
2771 2871 1
2771 2772 1
2772 2872 1
2772 2773 1
2773 2873 1
2773 2774 1
2774 2874 1
2774 2775 1
2775 2875 1
2775 2776 1
2776 2876 1
2776 2777 1
2777 2877 1
2777 2778 1
2778 2878 1
2778 2779 1
2779 2879 1
2779 2780 1
2780 2880 1
2780 2781 1
2781 2881 1
2781 2782 1
2782 2882 1
2782 2783 1
2783 2883 1
2783 2784 1
2784 2884 1
2784 2785 1
2785 2885 1
2785 2786 1
2786 2886 1
2786 2787 1
2787 2887 1
2787 2788 1
2788 2888 1
2788 2789 1
2789 2889 1
2789 2790 1
2790 2890 1
2790 2791 1
2791 2891 1
2791 2792 1
2792 2892 1
2792 2793 1
2793 2893 1
2793 2794 1
2794 2894 1
2794 2795 1
2795 2895 1
2795 2796 1
2796 2896 1
2796 2797 1
2797 2897 1
2797 2798 1
2798 2898 1
2798 2799 1
2799 2899 1
2799 2800 1
2800 2900 1
2801 2901 1
2801 2900 1
2801 2802 1
2802 2902 1
2802 2803 1
2803 2903 1
2803 2804 1
2804 2904 1
2804 2805 1
2805 2905 1
2805 2806 1
2806 2906 1
2806 2807 1
2807 2907 1
2807 2808 1
2808 2908 1
2808 2809 1
2809 2909 1
2809 2810 1
2810 2910 1
2810 2811 1
2811 2911 1
2811 2812 1
2812 2912 1
2812 2813 1
2813 2913 1
2813 2814 1
2814 2914 1
2814 2815 1
2815 2915 1
2815 2816 1
2816 2916 1
2816 2817 1
2817 2917 1
2817 2818 1
2818 2918 1
2818 2819 1
2819 2919 1
2819 2820 1
2820 2920 1
2820 2821 1
2821 2921 1
2821 2822 1
2822 2922 1
2822 2823 1
2823 2923 1
2823 2824 1
2824 2924 1
2824 2825 1
2825 2925 1
2825 2826 1
2826 2926 1
2826 2827 1
2827 2927 1
2827 2828 1
2828 2928 1
2828 2829 1
2829 2929 1
2829 2830 1
2830 2930 1
2830 2831 1
2831 2931 1
2831 2832 1
2832 2932 1
2832 2833 1
2833 2933 1
2833 2834 1
2834 2934 1
2834 2835 1
2835 2935 1
2835 2836 1
2836 2936 1
2836 2837 1
2837 2937 1
2837 2838 1
2838 2938 1
2838 2839 1
2839 2939 1
2839 2840 1
2840 2940 1
2840 2841 1
2841 2941 1
2841 2842 1
2842 2942 1
2842 2843 1
2843 2943 1
2843 2844 1
2844 2944 1
2844 2845 1
2845 2945 1
2845 2846 1
2846 2946 1
2846 2847 1
2847 2947 1
2847 2848 1
2848 2948 1
2848 2849 1
2849 2949 1
2849 2850 1
2850 2950 1
2850 2851 1
2851 2951 1
2851 2852 1
2852 2952 1
2852 2853 1
2853 2953 1
2853 2854 1
2854 2954 1
2854 2855 1
2855 2955 1
2855 2856 1
2856 2956 1
2856 2857 1
2857 2957 1
2857 2858 1
2858 2958 1
2858 2859 1
2859 2959 1
2859 2860 1
2860 2960 1
2860 2861 1
2861 2961 1
2861 2862 1
2862 2962 1
2862 2863 1
2863 2963 1
2863 2864 1
2864 2964 1
2864 2865 1
2865 2965 1
2865 2866 1
2866 2966 1
2866 2867 1
2867 2967 1
2867 2868 1
2868 2968 1
2868 2869 1
2869 2969 1
2869 2870 1
2870 2970 1
2870 2871 1
2871 2971 1
2871 2872 1
2872 2972 1
2872 2873 1
2873 2973 1
2873 2874 1
2874 2974 1
2874 2875 1
2875 2975 1
2875 2876 1
2876 2976 1
2876 2877 1
2877 2977 1
2877 2878 1
2878 2978 1
2878 2879 1
2879 2979 1
2879 2880 1
2880 2980 1
2880 2881 1
2881 2981 1
2881 2882 1
2882 2982 1
2882 2883 1
2883 2983 1
2883 2884 1
2884 2984 1
2884 2885 1
2885 2985 1
2885 2886 1
2886 2986 1
2886 2887 1
2887 2987 1
2887 2888 1
2888 2988 1
2888 2889 1
2889 2989 1
2889 2890 1
2890 2990 1
2890 2891 1
2891 2991 1
2891 2892 1
2892 2992 1
2892 2893 1
2893 2993 1
2893 2894 1
2894 2994 1
2894 2895 1
2895 2995 1
2895 2896 1
2896 2996 1
2896 2897 1
2897 2997 1
2897 2898 1
2898 2998 1
2898 2899 1
2899 2999 1
2899 2900 1
2900 3000 1
2901 3000 1
2901 2902 1
2902 2903 1
2903 2904 1
2904 2905 1
2905 2906 1
2906 2907 1
2907 2908 1
2908 2909 1
2909 2910 1
2910 2911 1
2911 2912 1
2912 2913 1
2913 2914 1
2914 2915 1
2915 2916 1
2916 2917 1
2917 2918 1
2918 2919 1
2919 2920 1
2920 2921 1
2921 2922 1
2922 2923 1
2923 2924 1
2924 2925 1
2925 2926 1
2926 2927 1
2927 2928 1
2928 2929 1
2929 2930 1
2930 2931 1
2931 2932 1
2932 2933 1
2933 2934 1
2934 2935 1
2935 2936 1
2936 2937 1
2937 2938 1
2938 2939 1
2939 2940 1
2940 2941 1
2941 2942 1
2942 2943 1
2943 2944 1
2944 2945 1
2945 2946 1
2946 2947 1
2947 2948 1
2948 2949 1
2949 2950 1
2950 2951 1
2951 2952 1
2952 2953 1
2953 2954 1
2954 2955 1
2955 2956 1
2956 2957 1
2957 2958 1
2958 2959 1
2959 2960 1
2960 2961 1
2961 2962 1
2962 2963 1
2963 2964 1
2964 2965 1
2965 2966 1
2966 2967 1
2967 2968 1
2968 2969 1
2969 2970 1
2970 2971 1
2971 2972 1
2972 2973 1
2973 2974 1
2974 2975 1
2975 2976 1
2976 2977 1
2977 2978 1
2978 2979 1
2979 2980 1
2980 2981 1
2981 2982 1
2982 2983 1
2983 2984 1
2984 2985 1
2985 2986 1
2986 2987 1
2987 2988 1
2988 2989 1
2989 2990 1
2990 2991 1
2991 2992 1
2992 2993 1
2993 2994 1
2994 2995 1
2995 2996 1
2996 2997 1
2997 2998 1
2998 2999 1
2999 3000 1