// obj: 584.0
// running_duration: 1422.5422151088715
// gap: 0.0
// obj_bound: 584.0
// time_limit: ('TIME_LIMIT', <class 'float'>, 2400.0, 0.0, inf, inf)
// num_nodes: 201
1 2
2 2
3 2
4 2
5 1
6 1
7 1
8 1
9 2
10 1
11 2
12 1
13 2
14 2
15 1
16 2
17 1
18 2
19 2
20 1
21 2
22 1
23 2
24 1
25 1
26 2
27 1
28 1
29 1
30 1
31 1
32 1
33 1
34 1
35 1
36 2
37 2
38 2
39 1
40 2
41 2
42 1
43 1
44 1
45 1
46 2
47 2
48 1
49 2
50 2
51 2
52 1
53 1
54 2
55 1
56 2
57 2
58 1
59 1
60 2
61 2
62 2
63 1
64 2
65 1
66 1
67 2
68 1
69 2
70 1
71 2
72 1
73 1
74 1
75 2
76 1
77 1
78 2
79 1
80 2
81 2
82 1
83 2
84 2
85 2
86 2
87 1
88 2
89 1
90 1
91 1
92 2
93 2
94 2
95 2
96 2
97 1
98 2
99 2
100 2
101 1
102 2
103 2
104 2
105 1
106 2
107 1
108 1
109 2
110 2
111 1
112 2
113 2
114 1
115 2
116 1
117 2
118 1
119 2
120 1
121 2
122 2
123 2
124 1
125 1
126 2
127 2
128 1
129 1
130 2
131 2
132 1
133 1
134 1
135 1
136 2
137 2
138 1
139 1
140 2
141 2
142 2
143 1
144 2
145 2
146 1
147 2
148 1
149 2
150 1
151 1
152 2
153 1
154 2
155 1
156 2
157 1
158 1
159 2
160 1
161 1
162 2
163 1
164 2
165 1
166 2
167 2
168 2
169 1
170 1
171 2
172 2
173 2
174 2
175 1
176 1
177 2
178 1
179 1
180 2
181 1
182 2
183 1
184 1
185 1
186 2
187 2
188 2
189 1
190 1
191 2
192 2
193 2
194 2
195 1
196 2
197 2
198 1
199 1
200 1
