500 3624 
1 9 1
1 19 1
1 44 1
1 86 1
1 106 1
1 136 1
1 197 1
1 198 1
1 204 1
1 222 1
1 233 1
1 239 1
1 267 1
1 297 1
1 344 1
1 358 1
1 361 1
1 382 1
1 453 1
1 490 1
1 492 1
2 49 1
2 77 1
2 80 1
2 82 1
2 93 1
2 97 1
2 101 1
2 148 1
2 168 1
2 190 1
2 198 1
2 336 1
2 397 1
2 422 1
2 436 1
2 459 1
2 463 1
2 486 1
3 68 1
3 76 1
3 100 1
3 160 1
3 180 1
3 268 1
3 270 1
3 293 1
3 352 1
3 357 1
3 375 1
3 382 1
3 399 1
3 430 1
3 463 1
4 41 1
4 65 1
4 102 1
4 107 1
4 229 1
4 231 1
4 236 1
4 259 1
4 327 1
4 341 1
4 361 1
4 376 1
4 406 1
4 415 1
4 436 1
4 497 1
5 32 1
5 63 1
5 162 1
5 177 1
5 219 1
5 237 1
5 260 1
5 277 1
5 311 1
5 315 1
5 337 1
5 352 1
5 368 1
5 392 1
5 414 1
5 450 1
5 463 1
5 483 1
6 76 1
6 89 1
6 160 1
6 166 1
6 185 1
6 193 1
6 225 1
6 242 1
6 311 1
6 386 1
6 414 1
6 444 1
6 449 1
6 465 1
6 486 1
6 499 1
7 21 1
7 49 1
7 57 1
7 131 1
7 136 1
7 160 1
7 209 1
7 223 1
7 228 1
7 243 1
7 266 1
7 293 1
7 304 1
8 20 1
8 26 1
8 67 1
8 73 1
8 77 1
8 81 1
8 149 1
8 156 1
8 195 1
8 317 1
8 318 1
8 339 1
8 345 1
8 372 1
8 403 1
8 428 1
8 471 1
9 47 1
9 109 1
9 143 1
9 153 1
9 186 1
9 190 1
9 219 1
9 224 1
9 296 1
9 349 1
9 355 1
9 359 1
9 385 1
9 393 1
9 406 1
9 412 1
9 414 1
9 445 1
10 121 1
10 145 1
10 214 1
10 280 1
10 334 1
10 341 1
10 399 1
11 44 1
11 76 1
11 101 1
11 104 1
11 269 1
11 286 1
11 294 1
11 347 1
11 361 1
11 404 1
11 413 1
11 462 1
12 43 1
12 94 1
12 105 1
12 111 1
12 172 1
12 184 1
12 229 1
12 244 1
12 256 1
12 257 1
12 268 1
12 366 1
12 371 1
12 403 1
12 446 1
12 463 1
13 87 1
13 132 1
13 192 1
13 198 1
13 213 1
13 217 1
13 266 1
13 268 1
13 279 1
13 310 1
13 338 1
13 374 1
13 403 1
13 413 1
14 88 1
14 121 1
14 171 1
14 196 1
14 207 1
14 257 1
14 260 1
14 301 1
14 343 1
14 399 1
14 406 1
14 437 1
14 443 1
14 479 1
14 495 1
15 19 1
15 82 1
15 114 1
15 127 1
15 137 1
15 261 1
15 333 1
15 360 1
15 387 1
15 418 1
15 490 1
16 43 1
16 93 1
16 182 1
16 183 1
16 194 1
16 200 1
16 219 1
16 235 1
16 247 1
16 302 1
16 314 1
16 324 1
16 367 1
16 377 1
16 420 1
16 427 1
16 443 1
16 450 1
16 466 1
16 477 1
16 495 1
17 85 1
17 90 1
17 92 1
17 144 1
17 174 1
17 176 1
17 221 1
17 241 1
17 266 1
17 312 1
17 348 1
17 358 1
17 368 1
17 378 1
17 399 1
17 409 1
17 426 1
18 30 1
18 36 1
18 48 1
18 65 1
18 75 1
18 129 1
18 182 1
18 259 1
18 280 1
18 326 1
18 447 1
18 496 1
19 24 1
19 59 1
19 69 1
19 132 1
19 170 1
19 202 1
19 234 1
19 249 1
19 284 1
19 435 1
20 27 1
20 50 1
20 65 1
20 188 1
20 195 1
20 223 1
20 247 1
20 299 1
20 304 1
20 325 1
20 327 1
20 336 1
20 453 1
20 457 1
20 460 1
20 495 1
21 38 1
21 105 1
21 119 1
21 205 1
21 213 1
21 346 1
21 360 1
21 363 1
21 399 1
21 416 1
21 487 1
22 54 1
22 144 1
22 250 1
22 316 1
22 329 1
22 353 1
22 405 1
22 474 1
23 48 1
23 63 1
23 73 1
23 114 1
23 152 1
23 162 1
23 234 1
23 272 1
23 316 1
23 356 1
23 377 1
23 424 1
23 498 1
24 55 1
24 139 1
24 233 1
24 305 1
24 335 1
24 359 1
24 377 1
24 413 1
24 426 1
25 82 1
25 142 1
25 200 1
25 255 1
25 357 1
25 410 1
25 430 1
25 473 1
26 47 1
26 85 1
26 101 1
26 111 1
26 116 1
26 237 1
26 340 1
26 375 1
26 406 1
26 482 1
26 498 1
27 60 1
27 65 1
27 83 1
27 224 1
27 262 1
27 275 1
27 300 1
27 367 1
27 403 1
27 419 1
27 439 1
27 448 1
27 479 1
27 483 1
27 494 1
28 53 1
28 88 1
28 113 1
28 129 1
28 251 1
28 298 1
28 315 1
28 366 1
28 375 1
28 405 1
28 408 1
28 414 1
28 462 1
29 55 1
29 65 1
29 85 1
29 116 1
29 120 1
29 173 1
29 203 1
29 275 1
29 401 1
29 440 1
30 97 1
30 101 1
30 104 1
30 111 1
30 121 1
30 159 1
30 175 1
30 249 1
30 282 1
30 337 1
30 389 1
30 426 1
31 99 1
31 111 1
31 127 1
31 179 1
31 224 1
31 305 1
31 341 1
31 418 1
31 451 1
31 479 1
32 47 1
32 74 1
32 125 1
32 144 1
32 149 1
32 177 1
32 244 1
32 281 1
32 290 1
32 312 1
32 319 1
32 368 1
32 397 1
32 415 1
32 478 1
33 48 1
33 51 1
33 53 1
33 118 1
33 153 1
33 200 1
33 215 1
33 236 1
33 247 1
33 278 1
33 280 1
33 284 1
33 297 1
33 302 1
33 344 1
33 488 1
34 87 1
34 165 1
34 207 1
34 211 1
34 245 1
34 258 1
34 296 1
34 309 1
34 315 1
34 333 1
34 349 1
34 353 1
34 359 1
34 388 1
34 427 1
34 454 1
34 500 1
35 49 1
35 69 1
35 215 1
35 217 1
35 253 1
35 264 1
35 267 1
35 294 1
35 316 1
35 332 1
35 404 1
35 456 1
36 38 1
36 94 1
36 146 1
36 152 1
36 169 1
36 200 1
36 230 1
36 360 1
36 364 1
36 441 1
36 488 1
36 497 1
37 40 1
37 56 1
37 94 1
37 97 1
37 213 1
37 217 1
37 250 1
37 265 1
37 352 1
37 459 1
38 107 1
38 112 1
38 286 1
38 382 1
38 405 1
38 443 1
39 44 1
39 66 1
39 291 1
39 306 1
39 325 1
39 412 1
39 448 1
39 475 1
40 75 1
40 124 1
40 226 1
40 310 1
40 363 1
40 386 1
40 402 1
40 413 1
40 423 1
40 438 1
40 454 1
40 478 1
41 55 1
41 83 1
41 90 1
41 109 1
41 123 1
41 157 1
41 166 1
41 192 1
41 194 1
41 225 1
41 254 1
41 265 1
41 270 1
41 275 1
41 302 1
41 356 1
41 370 1
42 51 1
42 102 1
42 119 1
42 131 1
42 181 1
42 183 1
42 214 1
42 238 1
42 239 1
42 273 1
42 283 1
42 294 1
42 295 1
42 296 1
42 321 1
42 337 1
42 340 1
42 383 1
42 390 1
42 410 1
42 415 1
43 51 1
43 75 1
43 84 1
43 100 1
43 135 1
43 164 1
43 235 1
43 243 1
43 251 1
43 257 1
43 259 1
43 270 1
43 273 1
43 275 1
43 328 1
43 365 1
43 385 1
43 394 1
43 451 1
43 491 1
44 53 1
44 137 1
44 155 1
44 174 1
44 210 1
44 219 1
44 246 1
44 248 1
44 249 1
44 252 1
44 276 1
44 296 1
44 299 1
44 323 1
44 362 1
44 380 1
44 394 1
44 396 1
44 422 1
44 432 1
45 61 1
45 142 1
45 169 1
45 181 1
45 224 1
45 228 1
45 278 1
45 296 1
45 352 1
45 394 1
45 402 1
45 421 1
45 437 1
45 443 1
45 459 1
45 475 1
45 490 1
46 101 1
46 156 1
46 174 1
46 176 1
46 185 1
46 210 1
46 233 1
46 240 1
46 244 1
46 257 1
46 259 1
46 328 1
46 346 1
46 352 1
46 353 1
46 396 1
46 451 1
46 463 1
46 479 1
47 75 1
47 159 1
47 184 1
47 210 1
47 345 1
47 378 1
47 423 1
47 474 1
47 475 1
47 494 1
48 52 1
48 67 1
48 74 1
48 166 1
48 171 1
48 178 1
48 247 1
48 320 1
48 485 1
49 200 1
49 231 1
49 264 1
49 299 1
49 337 1
49 339 1
49 348 1
49 359 1
49 439 1
49 493 1
50 75 1
50 79 1
50 89 1
50 131 1
50 158 1
50 199 1
50 242 1
50 274 1
50 283 1
50 290 1
50 317 1
50 350 1
50 401 1
50 491 1
51 58 1
51 65 1
51 79 1
51 122 1
51 126 1
51 179 1
51 187 1
51 204 1
51 211 1
51 222 1
51 272 1
51 297 1
51 325 1
51 338 1
51 362 1
51 368 1
51 394 1
51 406 1
51 433 1
51 463 1
51 489 1
52 64 1
52 83 1
52 235 1
52 265 1
52 287 1
52 317 1
52 320 1
52 332 1
52 455 1
52 456 1
52 482 1
52 496 1
53 56 1
53 68 1
53 129 1
53 143 1
53 162 1
53 288 1
53 318 1
53 328 1
53 368 1
53 407 1
53 430 1
53 472 1
54 141 1
54 146 1
54 154 1
54 172 1
54 220 1
54 265 1
54 266 1
54 322 1
54 349 1
54 363 1
54 431 1
54 500 1
55 161 1
55 175 1
55 193 1
55 260 1
55 295 1
55 360 1
55 403 1
55 407 1
55 467 1
55 494 1
56 61 1
56 98 1
56 113 1
56 117 1
56 157 1
56 195 1
56 203 1
56 270 1
56 276 1
56 316 1
56 432 1
57 64 1
57 102 1
57 188 1
57 194 1
57 263 1
57 271 1
57 284 1
57 340 1
57 357 1
57 371 1
57 447 1
57 492 1
58 87 1
58 89 1
58 122 1
58 131 1
58 169 1
58 183 1
58 343 1
58 384 1
58 476 1
59 88 1
59 118 1
59 178 1
59 210 1
59 222 1
59 227 1
59 235 1
59 260 1
59 302 1
59 348 1
59 383 1
59 470 1
60 122 1
60 134 1
60 166 1
60 208 1
60 313 1
60 361 1
60 440 1
60 455 1
61 65 1
61 67 1
61 222 1
61 260 1
61 268 1
61 272 1
61 308 1
61 312 1
61 349 1
61 410 1
61 412 1
62 67 1
62 104 1
62 105 1
62 110 1
62 130 1
62 148 1
62 176 1
62 223 1
62 226 1
62 227 1
62 415 1
62 417 1
62 420 1
62 458 1
63 67 1
63 84 1
63 91 1
63 121 1
63 131 1
63 146 1
63 158 1
63 187 1
63 218 1
63 239 1
63 240 1
63 280 1
63 306 1
63 342 1
63 365 1
63 418 1
63 427 1
63 429 1
63 434 1
63 466 1
63 499 1
64 137 1
64 141 1
64 193 1
64 199 1
64 205 1
64 209 1
64 217 1
64 231 1
64 273 1
64 315 1
64 331 1
64 468 1
65 66 1
65 114 1
65 159 1
65 168 1
65 173 1
65 184 1
65 208 1
65 217 1
65 222 1
65 225 1
65 265 1
65 394 1
65 446 1
65 482 1
66 96 1
66 142 1
66 167 1
66 182 1
66 241 1
66 288 1
66 303 1
66 373 1
66 395 1
66 415 1
66 416 1
66 488 1
67 87 1
67 114 1
67 186 1
67 223 1
67 274 1
67 278 1
67 317 1
67 348 1
67 390 1
67 397 1
67 412 1
67 452 1
67 460 1
68 157 1
68 160 1
68 265 1
68 303 1
68 306 1
68 342 1
68 345 1
68 361 1
68 367 1
68 407 1
68 448 1
68 490 1
69 102 1
69 130 1
69 137 1
69 202 1
69 279 1
69 346 1
69 362 1
69 393 1
69 394 1
69 403 1
69 418 1
69 427 1
69 443 1
69 445 1
69 454 1
70 122 1
70 191 1
70 280 1
70 302 1
70 304 1
70 320 1
70 381 1
70 392 1
70 395 1
70 396 1
70 462 1
70 480 1
71 103 1
71 107 1
71 196 1
71 264 1
71 387 1
71 460 1
71 485 1
72 131 1
72 148 1
72 169 1
72 250 1
72 303 1
72 318 1
72 336 1
72 354 1
72 365 1
72 385 1
72 444 1
72 477 1
73 76 1
73 78 1
73 97 1
73 103 1
73 165 1
73 170 1
73 267 1
73 275 1
73 277 1
73 304 1
73 317 1
73 339 1
73 461 1
73 470 1
73 476 1
74 109 1
74 373 1
74 383 1
74 400 1
74 454 1
74 485 1
74 492 1
75 123 1
75 253 1
75 282 1
75 302 1
75 418 1
75 450 1
76 148 1
76 182 1
76 256 1
76 262 1
76 270 1
76 271 1
76 298 1
76 323 1
76 373 1
76 411 1
76 424 1
76 456 1
76 485 1
77 107 1
77 109 1
77 140 1
77 146 1
77 240 1
78 138 1
78 240 1
78 246 1
78 336 1
78 350 1
78 352 1
78 381 1
78 413 1
78 425 1
78 428 1
78 457 1
78 477 1
78 481 1
78 498 1
79 94 1
79 119 1
79 138 1
79 178 1
79 247 1
79 250 1
79 275 1
79 289 1
79 298 1
79 318 1
79 354 1
79 401 1
79 403 1
79 439 1
80 81 1
80 97 1
80 106 1
80 164 1
80 210 1
80 244 1
80 246 1
80 283 1
80 353 1
80 368 1
80 390 1
80 444 1
80 456 1
80 459 1
81 91 1
81 97 1
81 141 1
81 147 1
81 178 1
81 264 1
81 282 1
81 308 1
81 320 1
81 334 1
81 418 1
81 448 1
81 493 1
82 93 1
82 113 1
82 114 1
82 141 1
82 155 1
82 231 1
82 283 1
82 321 1
82 350 1
82 375 1
82 379 1
82 394 1
82 467 1
82 470 1
82 500 1
83 123 1
83 159 1
83 213 1
83 236 1
83 243 1
83 250 1
83 275 1
83 277 1
83 311 1
83 319 1
83 320 1
83 379 1
83 446 1
83 451 1
83 498 1
84 102 1
84 110 1
84 113 1
84 125 1
84 136 1
84 183 1
84 209 1
84 215 1
84 238 1
84 265 1
84 270 1
84 293 1
84 310 1
84 325 1
84 349 1
84 449 1
84 457 1
84 470 1
85 91 1
85 181 1
85 207 1
85 239 1
85 279 1
85 329 1
85 352 1
85 382 1
85 399 1
85 438 1
85 457 1
85 486 1
86 126 1
86 143 1
86 188 1
86 240 1
86 305 1
86 354 1
86 364 1
86 390 1
86 401 1
86 427 1
87 88 1
87 90 1
87 173 1
87 274 1
87 321 1
87 343 1
87 380 1
87 411 1
87 436 1
87 471 1
87 491 1
88 106 1
88 115 1
88 125 1
88 156 1
88 197 1
88 221 1
88 243 1
88 285 1
88 287 1
88 300 1
88 396 1
88 425 1
89 197 1
89 214 1
89 236 1
89 261 1
89 378 1
89 383 1
89 419 1
89 473 1
90 110 1
90 115 1
90 171 1
90 175 1
90 177 1
90 228 1
90 371 1
90 389 1
90 390 1
90 404 1
90 413 1
90 435 1
90 440 1
90 475 1
90 487 1
91 104 1
91 140 1
91 172 1
91 190 1
91 196 1
91 204 1
91 225 1
91 292 1
91 302 1
91 308 1
91 423 1
91 432 1
91 452 1
91 493 1
92 96 1
92 157 1
92 174 1
92 191 1
92 192 1
92 203 1
92 252 1
92 262 1
92 296 1
92 318 1
92 422 1
92 455 1
92 485 1
92 500 1
93 101 1
93 107 1
93 114 1
93 123 1
93 124 1
93 177 1
93 183 1
93 201 1
93 223 1
93 242 1
93 270 1
93 294 1
93 371 1
93 389 1
93 471 1
94 165 1
94 180 1
94 194 1
94 208 1
94 241 1
94 260 1
94 281 1
94 290 1
94 299 1
94 315 1
94 355 1
94 459 1
94 478 1
95 110 1
95 187 1
95 190 1
95 201 1
95 225 1
95 226 1
95 384 1
95 470 1
95 473 1
96 101 1
96 114 1
96 126 1
96 133 1
96 138 1
96 158 1
96 171 1
96 172 1
96 179 1
96 209 1
96 215 1
96 269 1
96 365 1
96 381 1
96 410 1
97 133 1
97 142 1
97 165 1
97 182 1
97 226 1
97 245 1
97 312 1
97 328 1
97 360 1
97 407 1
97 424 1
98 152 1
98 189 1
98 197 1
98 276 1
98 289 1
98 344 1
98 372 1
98 407 1
98 429 1
98 485 1
99 113 1
99 135 1
99 155 1
99 251 1
99 263 1
99 360 1
99 445 1
99 459 1
99 463 1
99 483 1
100 115 1
100 153 1
100 167 1
100 169 1
100 178 1
100 182 1
100 189 1
100 253 1
100 254 1
100 314 1
100 327 1
100 359 1
100 399 1
100 404 1
100 408 1
100 449 1
100 490 1
101 115 1
101 150 1
101 231 1
101 296 1
101 330 1
101 336 1
101 393 1
101 439 1
101 469 1
102 170 1
102 190 1
102 199 1
102 242 1
102 259 1
102 268 1
102 287 1
102 302 1
102 323 1
102 333 1
102 357 1
102 432 1
102 450 1
102 483 1
102 489 1
103 148 1
103 168 1
103 190 1
103 193 1
103 207 1
103 209 1
103 221 1
103 241 1
103 252 1
103 273 1
103 298 1
103 304 1
103 312 1
103 414 1
103 451 1
103 460 1
104 107 1
104 150 1
104 160 1
104 167 1
104 189 1
104 207 1
104 233 1
104 236 1
104 249 1
104 260 1
104 268 1
104 277 1
104 280 1
104 286 1
104 294 1
104 321 1
104 345 1
104 367 1
104 388 1
104 401 1
104 402 1
104 410 1
104 444 1
105 134 1
105 136 1
105 141 1
105 165 1
105 177 1
105 180 1
105 191 1
105 212 1
105 245 1
105 253 1
105 255 1
105 270 1
105 293 1
105 305 1
105 323 1
105 377 1
105 388 1
105 389 1
105 391 1
105 412 1
105 426 1
105 448 1
106 133 1
106 152 1
106 159 1
106 207 1
106 209 1
106 230 1
106 271 1
106 286 1
106 342 1
106 363 1
106 381 1
106 388 1
106 410 1
106 498 1
107 154 1
107 176 1
107 192 1
107 203 1
107 206 1
107 281 1
107 288 1
107 295 1
107 355 1
108 154 1
108 156 1
108 197 1
108 303 1
108 310 1
108 397 1
108 411 1
108 417 1
108 450 1
108 482 1
109 112 1
109 145 1
109 152 1
109 181 1
109 187 1
109 231 1
109 236 1
109 241 1
109 294 1
109 340 1
109 425 1
109 428 1
109 434 1
109 453 1
110 151 1
110 235 1
110 259 1
110 343 1
110 357 1
110 377 1
110 402 1
110 406 1
110 433 1
110 445 1
110 464 1
110 469 1
110 473 1
110 496 1
111 120 1
111 130 1
111 167 1
111 195 1
111 207 1
111 332 1
111 338 1
111 342 1
111 384 1
111 389 1
111 447 1
111 453 1
111 455 1
111 489 1
111 491 1
112 127 1
112 138 1
112 202 1
112 222 1
112 228 1
112 241 1
112 249 1
112 252 1
112 269 1
112 278 1
112 343 1
112 344 1
112 348 1
112 354 1
112 369 1
112 399 1
112 432 1
112 443 1
112 495 1
112 497 1
113 138 1
113 169 1
113 229 1
113 273 1
113 283 1
113 290 1
113 320 1
113 329 1
113 336 1
113 338 1
113 379 1
113 383 1
113 427 1
113 430 1
113 435 1
113 468 1
113 473 1
113 475 1
113 494 1
114 196 1
114 223 1
114 252 1
114 261 1
114 270 1
114 350 1
114 356 1
114 436 1
114 500 1
115 128 1
115 165 1
115 232 1
115 259 1
115 331 1
115 350 1
115 421 1
115 455 1
116 159 1
116 278 1
116 370 1
116 398 1
116 421 1
117 120 1
117 198 1
117 202 1
117 276 1
117 403 1
118 144 1
118 163 1
118 235 1
118 263 1
118 267 1
118 306 1
118 311 1
118 316 1
118 324 1
118 361 1
118 379 1
118 388 1
118 393 1
118 490 1
118 497 1
119 133 1
119 138 1
119 228 1
119 315 1
119 316 1
119 318 1
119 322 1
119 446 1
119 472 1
119 475 1
120 125 1
120 148 1
120 168 1
120 186 1
120 224 1
120 231 1
120 266 1
120 343 1
120 439 1
120 455 1
121 123 1
121 145 1
121 173 1
121 191 1
121 208 1
121 283 1
121 324 1
121 356 1
121 431 1
122 206 1
122 209 1
122 210 1
122 216 1
122 262 1
122 318 1
122 343 1
122 351 1
122 366 1
122 376 1
122 386 1
122 395 1
122 447 1
122 498 1
123 130 1
123 187 1
123 197 1
123 210 1
123 238 1
123 280 1
123 325 1
123 354 1
123 389 1
123 417 1
123 489 1
124 166 1
124 200 1
124 253 1
124 254 1
124 314 1
124 383 1
124 428 1
124 429 1
125 147 1
125 179 1
125 195 1
125 202 1
125 242 1
125 253 1
125 257 1
125 363 1
125 383 1
125 432 1
125 446 1
125 460 1
125 468 1
125 475 1
126 164 1
126 183 1
126 229 1
126 269 1
126 409 1
126 494 1
127 134 1
127 145 1
127 151 1
127 162 1
127 178 1
127 206 1
127 236 1
127 249 1
127 252 1
127 256 1
127 269 1
127 270 1
127 313 1
127 350 1
127 371 1
127 390 1
127 438 1
127 450 1
127 472 1
128 160 1
128 207 1
128 260 1
128 314 1
128 336 1
128 341 1
128 353 1
128 358 1
128 364 1
128 371 1
128 475 1
129 145 1
129 168 1
129 184 1
129 193 1
129 198 1
129 229 1
129 250 1
129 281 1
129 286 1
129 305 1
129 309 1
129 328 1
129 361 1
129 434 1
129 438 1
130 161 1
130 228 1
130 375 1
130 405 1
130 445 1
130 499 1
131 178 1
131 181 1
131 209 1
131 238 1
131 328 1
131 348 1
131 428 1
132 141 1
132 206 1
132 220 1
132 224 1
132 262 1
132 291 1
132 355 1
132 360 1
132 416 1
132 433 1
132 441 1
132 458 1
133 137 1
133 197 1
133 226 1
133 292 1
133 298 1
133 321 1
133 340 1
133 355 1
133 357 1
133 362 1
133 395 1
134 227 1
134 233 1
134 272 1
134 274 1
134 288 1
135 189 1
135 195 1
135 305 1
135 308 1
135 363 1
135 403 1
135 474 1
135 495 1
136 144 1
136 198 1
136 200 1
136 276 1
136 319 1
136 326 1
136 343 1
136 376 1
136 409 1
136 432 1
137 194 1
137 216 1
137 256 1
137 292 1
137 293 1
137 331 1
137 337 1
137 360 1
137 457 1
137 467 1
137 469 1
138 164 1
138 167 1
138 183 1
138 339 1
138 450 1
138 466 1
139 147 1
139 153 1
139 201 1
139 287 1
139 293 1
139 297 1
139 400 1
139 419 1
139 447 1
139 449 1
139 479 1
139 481 1
139 486 1
140 245 1
140 254 1
140 307 1
140 326 1
140 440 1
140 446 1
141 153 1
141 263 1
141 386 1
141 414 1
141 447 1
142 192 1
142 282 1
142 312 1
142 318 1
142 322 1
142 334 1
142 375 1
142 398 1
142 415 1
142 429 1
142 440 1
142 493 1
143 153 1
143 189 1
143 254 1
143 319 1
143 320 1
143 353 1
143 378 1
144 176 1
144 187 1
144 195 1
144 215 1
144 222 1
144 225 1
144 230 1
144 260 1
144 284 1
144 413 1
145 152 1
145 159 1
145 175 1
145 178 1
145 217 1
145 249 1
145 265 1
145 298 1
145 314 1
145 331 1
145 393 1
145 419 1
145 442 1
145 445 1
145 472 1
146 148 1
146 162 1
146 217 1
146 273 1
146 282 1
146 372 1
146 472 1
147 214 1
147 228 1
147 272 1
147 313 1
147 346 1
147 366 1
147 368 1
147 437 1
147 447 1
147 459 1
147 483 1
147 484 1
147 487 1
148 184 1
148 192 1
148 207 1
148 222 1
148 389 1
148 453 1
149 180 1
149 195 1
149 261 1
149 281 1
149 289 1
149 322 1
149 334 1
149 353 1
149 354 1
149 368 1
149 373 1
149 375 1
149 409 1
149 428 1
149 435 1
149 473 1
149 480 1
149 484 1
150 171 1
150 214 1
150 295 1
150 318 1
150 436 1
150 483 1
151 188 1
151 242 1
151 257 1
151 324 1
151 338 1
151 376 1
151 381 1
151 403 1
151 464 1
151 496 1
152 162 1
152 167 1
152 192 1
152 247 1
152 272 1
152 284 1
152 293 1
152 375 1
152 440 1
153 159 1
153 173 1
153 180 1
153 211 1
153 261 1
153 289 1
153 370 1
153 394 1
153 445 1
153 468 1
153 470 1
154 185 1
154 229 1
154 245 1
154 277 1
154 282 1
154 423 1
154 424 1
154 471 1
154 484 1
155 198 1
155 231 1
155 285 1
155 315 1
155 438 1
155 441 1
155 479 1
155 491 1
155 497 1
155 498 1
156 181 1
156 197 1
156 215 1
156 256 1
156 261 1
156 271 1
156 320 1
156 339 1
156 400 1
156 401 1
156 458 1
156 465 1
156 470 1
156 476 1
156 488 1
157 173 1
157 197 1
157 219 1
157 223 1
157 292 1
157 352 1
157 354 1
157 402 1
157 444 1
157 455 1
157 465 1
157 473 1
157 477 1
158 217 1
158 220 1
158 227 1
158 257 1
158 261 1
158 362 1
158 412 1
158 474 1
159 191 1
159 234 1
159 383 1
159 404 1
159 415 1
159 483 1
160 300 1
160 313 1
160 319 1
160 358 1
160 420 1
160 446 1
160 466 1
160 471 1
160 490 1
160 493 1
161 165 1
161 176 1
161 185 1
161 215 1
161 273 1
161 283 1
161 370 1
161 384 1
161 388 1
161 394 1
161 442 1
161 448 1
161 464 1
162 203 1
162 233 1
162 236 1
162 271 1
162 319 1
162 344 1
162 365 1
162 367 1
162 378 1
163 385 1
163 416 1
163 427 1
163 430 1
163 443 1
163 460 1
164 221 1
164 238 1
164 240 1
164 285 1
164 307 1
164 309 1
164 346 1
164 355 1
164 477 1
165 166 1
165 179 1
165 248 1
165 438 1
165 492 1
166 185 1
166 225 1
166 264 1
166 282 1
166 348 1
166 372 1
166 384 1
166 443 1
167 236 1
167 259 1
167 309 1
167 318 1
167 334 1
167 336 1
167 380 1
167 402 1
167 404 1
167 437 1
167 449 1
168 189 1
168 232 1
168 301 1
168 309 1
168 315 1
168 320 1
168 384 1
168 388 1
169 232 1
169 289 1
169 291 1
169 298 1
169 359 1
169 433 1
169 453 1
169 482 1
170 190 1
170 204 1
170 205 1
170 321 1
170 357 1
170 361 1
170 393 1
170 396 1
170 408 1
170 453 1
170 497 1
171 239 1
171 277 1
171 308 1
171 324 1
171 359 1
171 369 1
171 375 1
171 376 1
171 416 1
171 423 1
171 427 1
171 463 1
171 477 1
172 179 1
172 238 1
172 276 1
172 315 1
172 379 1
172 414 1
172 431 1
173 211 1
173 346 1
173 387 1
173 389 1
173 435 1
174 242 1
174 431 1
174 471 1
175 216 1
175 261 1
175 337 1
175 362 1
176 205 1
176 216 1
176 233 1
176 248 1
176 277 1
176 345 1
176 360 1
176 364 1
176 376 1
176 377 1
177 230 1
177 307 1
177 324 1
177 351 1
177 360 1
177 370 1
177 386 1
177 455 1
177 476 1
177 478 1
178 180 1
178 218 1
178 267 1
178 308 1
178 348 1
178 387 1
178 429 1
178 438 1
178 447 1
178 460 1
178 463 1
178 480 1
179 182 1
179 218 1
179 257 1
179 271 1
179 432 1
179 499 1
180 190 1
180 251 1
180 257 1
180 265 1
180 298 1
180 408 1
180 467 1
181 216 1
181 222 1
181 223 1
181 253 1
181 298 1
181 320 1
181 349 1
181 437 1
181 479 1
182 331 1
182 344 1
182 376 1
182 377 1
182 450 1
183 280 1
183 296 1
183 324 1
183 364 1
183 389 1
183 391 1
183 423 1
184 190 1
184 204 1
184 210 1
184 212 1
184 213 1
184 276 1
184 285 1
184 349 1
184 358 1
184 367 1
184 425 1
184 429 1
184 435 1
184 453 1
184 480 1
184 493 1
184 500 1
185 213 1
185 249 1
185 265 1
185 278 1
185 294 1
185 311 1
185 346 1
186 189 1
186 215 1
186 217 1
186 220 1
186 251 1
186 330 1
186 357 1
186 363 1
186 376 1
186 421 1
186 423 1
186 425 1
187 341 1
187 345 1
187 444 1
187 481 1
187 486 1
188 190 1
188 197 1
188 245 1
188 336 1
188 366 1
188 367 1
188 385 1
188 435 1
188 462 1
188 465 1
188 467 1
189 196 1
189 252 1
189 255 1
189 333 1
189 404 1
189 426 1
189 471 1
189 492 1
189 498 1
190 219 1
190 223 1
190 224 1
190 241 1
190 306 1
190 323 1
190 328 1
190 374 1
190 421 1
190 458 1
190 473 1
190 490 1
191 227 1
191 286 1
191 307 1
191 374 1
191 397 1
191 462 1
191 466 1
192 194 1
192 240 1
192 304 1
192 372 1
192 376 1
192 388 1
192 404 1
192 416 1
192 435 1
192 498 1
193 195 1
193 204 1
193 216 1
193 276 1
193 286 1
193 417 1
193 427 1
193 455 1
193 461 1
194 220 1
194 247 1
194 312 1
194 335 1
194 339 1
194 383 1
194 418 1
194 422 1
194 441 1
194 442 1
194 444 1
194 492 1
195 272 1
195 273 1
195 312 1
195 354 1
195 391 1
195 422 1
195 451 1
195 454 1
196 198 1
196 216 1
196 268 1
196 355 1
197 258 1
197 266 1
197 280 1
197 322 1
197 356 1
197 420 1
197 453 1
197 487 1
198 273 1
198 331 1
198 359 1
198 376 1
198 454 1
198 474 1
199 220 1
199 237 1
199 246 1
199 340 1
199 398 1
199 419 1
200 209 1
200 237 1
200 273 1
200 314 1
200 320 1
200 329 1
200 446 1
200 464 1
201 249 1
201 264 1
201 278 1
201 289 1
201 295 1
201 432 1
201 482 1
202 225 1
202 238 1
202 243 1
202 250 1
202 332 1
202 357 1
202 402 1
202 413 1
202 428 1
202 442 1
203 230 1
203 242 1
203 248 1
203 251 1
203 266 1
203 320 1
203 342 1
203 343 1
203 414 1
203 441 1
203 442 1
203 467 1
203 488 1
204 321 1
204 323 1
204 327 1
204 384 1
204 410 1
204 421 1
204 499 1
205 220 1
205 320 1
205 405 1
205 417 1
206 242 1
206 300 1
206 393 1
206 409 1
206 472 1
207 216 1
207 234 1
207 281 1
207 311 1
207 319 1
207 324 1
207 344 1
207 365 1
207 397 1
207 417 1
207 430 1
208 228 1
208 275 1
208 291 1
208 300 1
208 324 1
208 348 1
208 359 1
208 367 1
208 392 1
208 437 1
208 466 1
209 220 1
209 232 1
209 238 1
209 269 1
209 283 1
209 299 1
209 310 1
209 327 1
209 390 1
209 403 1
209 420 1
209 488 1
209 493 1
210 211 1
210 243 1
210 246 1
210 298 1
210 311 1
210 333 1
210 334 1
210 338 1
210 339 1
210 395 1
210 419 1
211 264 1
211 341 1
211 362 1
211 403 1
211 489 1
212 255 1
212 289 1
212 344 1
212 350 1
212 420 1
212 435 1
212 454 1
212 491 1
213 276 1
213 284 1
213 285 1
213 320 1
213 339 1
213 350 1
213 373 1
213 452 1
214 284 1
214 362 1
214 423 1
214 437 1
214 467 1
214 471 1
215 244 1
215 251 1
215 269 1
215 315 1
215 347 1
215 381 1
215 446 1
215 476 1
215 497 1
216 221 1
216 274 1
216 288 1
216 311 1
216 366 1
216 484 1
217 225 1
217 359 1
217 379 1
218 250 1
218 255 1
218 321 1
218 396 1
218 418 1
218 426 1
219 264 1
219 424 1
219 455 1
219 459 1
220 299 1
220 322 1
220 331 1
220 344 1
220 346 1
220 349 1
220 351 1
220 395 1
220 402 1
220 424 1
220 433 1
220 435 1
220 453 1
221 227 1
221 230 1
221 284 1
221 288 1
221 297 1
221 307 1
221 357 1
221 367 1
221 405 1
221 420 1
221 424 1
221 428 1
221 448 1
221 450 1
222 321 1
222 358 1
222 392 1
222 431 1
222 442 1
222 450 1
222 487 1
223 229 1
223 245 1
223 255 1
223 303 1
223 353 1
223 369 1
223 372 1
223 447 1
223 448 1
223 500 1
224 277 1
224 283 1
224 354 1
224 370 1
224 388 1
224 437 1
224 440 1
224 460 1
224 472 1
224 488 1
225 248 1
225 325 1
225 373 1
225 420 1
225 469 1
225 477 1
225 482 1
226 237 1
226 241 1
226 297 1
226 387 1
226 427 1
226 495 1
227 318 1
227 363 1
227 374 1
227 380 1
227 416 1
227 434 1
227 454 1
228 252 1
228 283 1
228 335 1
228 344 1
228 352 1
228 369 1
228 387 1
228 485 1
228 487 1
228 490 1
229 239 1
229 342 1
229 347 1
229 367 1
229 391 1
229 423 1
229 490 1
230 262 1
230 277 1
230 280 1
230 374 1
230 440 1
230 470 1
230 472 1
230 474 1
231 263 1
231 310 1
231 438 1
231 439 1
231 445 1
231 448 1
232 271 1
232 278 1
232 330 1
232 372 1
232 383 1
232 384 1
232 451 1
232 464 1
232 474 1
233 244 1
233 249 1
233 275 1
233 309 1
233 332 1
233 361 1
233 381 1
233 401 1
233 439 1
233 441 1
233 500 1
234 308 1
234 317 1
234 328 1
234 357 1
234 377 1
234 396 1
234 434 1
234 452 1
234 457 1
235 244 1
235 251 1
235 264 1
235 300 1
235 338 1
235 404 1
235 408 1
235 422 1
235 429 1
235 434 1
235 455 1
235 466 1
235 491 1
236 266 1
236 277 1
236 289 1
236 312 1
236 324 1
236 359 1
236 364 1
236 369 1
236 387 1
236 398 1
236 445 1
236 488 1
237 247 1
237 279 1
237 287 1
237 326 1
237 332 1
237 391 1
237 434 1
237 439 1
237 450 1
237 469 1
238 240 1
238 309 1
238 326 1
238 441 1
238 468 1
239 303 1
239 443 1
239 498 1
240 245 1
240 292 1
240 341 1
240 387 1
240 392 1
240 397 1
240 409 1
240 412 1
240 437 1
240 449 1
241 251 1
241 331 1
241 444 1
241 471 1
242 270 1
242 334 1
242 393 1
242 409 1
242 469 1
243 270 1
243 308 1
243 365 1
243 367 1
243 387 1
243 411 1
243 484 1
243 487 1
244 295 1
244 305 1
244 378 1
244 391 1
244 428 1
244 437 1
244 460 1
244 466 1
245 307 1
245 405 1
246 330 1
246 337 1
246 376 1
246 385 1
246 474 1
246 478 1
247 258 1
247 273 1
247 279 1
247 293 1
247 295 1
247 341 1
247 375 1
247 383 1
247 400 1
247 422 1
247 452 1
247 465 1
248 322 1
248 333 1
248 368 1
248 381 1
248 401 1
248 415 1
248 484 1
248 489 1
249 292 1
249 299 1
249 310 1
249 328 1
249 371 1
249 380 1
249 384 1
249 396 1
249 435 1
249 439 1
249 465 1
249 475 1
250 259 1
250 297 1
250 307 1
250 314 1
250 337 1
250 357 1
250 434 1
250 465 1
251 291 1
251 299 1
251 359 1
251 413 1
251 422 1
251 449 1
251 457 1
252 354 1
252 385 1
252 390 1
252 463 1
252 479 1
253 280 1
253 286 1
253 302 1
253 327 1
253 337 1
253 407 1
253 433 1
253 446 1
254 299 1
254 302 1
254 345 1
254 346 1
254 370 1
254 397 1
254 499 1
255 281 1
255 397 1
255 407 1
255 470 1
255 480 1
256 368 1
256 478 1
256 485 1
257 330 1
257 338 1
257 363 1
257 386 1
257 400 1
258 291 1
258 313 1
258 345 1
258 357 1
258 381 1
258 392 1
259 344 1
259 352 1
259 485 1
260 287 1
260 387 1
260 393 1
260 407 1
260 419 1
260 444 1
260 472 1
261 308 1
261 379 1
261 386 1
261 424 1
261 464 1
261 468 1
262 283 1
262 313 1
262 472 1
262 480 1
263 334 1
263 346 1
263 356 1
263 399 1
263 411 1
263 415 1
263 451 1
264 319 1
264 341 1
264 372 1
264 430 1
264 431 1
264 451 1
264 490 1
265 276 1
265 312 1
265 325 1
265 369 1
265 450 1
265 496 1
266 339 1
266 347 1
266 404 1
266 432 1
266 434 1
266 460 1
266 468 1
266 478 1
266 500 1
267 308 1
267 321 1
267 325 1
267 390 1
267 410 1
268 284 1
268 322 1
268 334 1
268 339 1
268 364 1
268 436 1
268 464 1
268 487 1
269 329 1
269 342 1
269 358 1
269 385 1
269 391 1
269 398 1
269 400 1
270 335 1
270 366 1
270 370 1
270 379 1
270 459 1
271 316 1
271 365 1
271 369 1
271 418 1
272 289 1
272 295 1
272 341 1
272 342 1
272 429 1
272 439 1
272 455 1
272 464 1
272 473 1
272 486 1
273 318 1
273 386 1
273 394 1
273 395 1
273 404 1
273 452 1
273 480 1
274 280 1
274 312 1
274 317 1
274 325 1
274 339 1
274 353 1
274 420 1
274 421 1
274 428 1
274 482 1
275 307 1
275 314 1
275 326 1
275 441 1
275 496 1
276 301 1
276 397 1
276 404 1
276 424 1
277 318 1
277 326 1
277 340 1
277 350 1
277 364 1
277 456 1
277 485 1
277 486 1
278 285 1
278 287 1
278 296 1
278 303 1
278 321 1
278 433 1
278 436 1
278 456 1
278 461 1
278 476 1
279 311 1
279 349 1
279 358 1
279 374 1
279 389 1
279 415 1
279 439 1
279 456 1
280 358 1
280 425 1
280 499 1
280 500 1
281 305 1
281 430 1
281 435 1
281 453 1
281 454 1
281 484 1
281 499 1
282 304 1
282 310 1
282 374 1
282 407 1
282 458 1
283 292 1
283 317 1
284 287 1
284 288 1
284 292 1
284 326 1
284 327 1
284 364 1
284 367 1
284 389 1
284 474 1
285 297 1
285 334 1
285 362 1
285 421 1
285 434 1
285 442 1
286 295 1
286 379 1
286 386 1
286 433 1
286 441 1
286 447 1
286 456 1
286 495 1
287 290 1
287 396 1
287 466 1
287 479 1
287 492 1
288 308 1
288 310 1
288 314 1
288 323 1
288 346 1
288 351 1
288 357 1
288 374 1
288 379 1
288 393 1
288 415 1
289 306 1
289 349 1
289 365 1
289 400 1
289 405 1
289 417 1
289 433 1
289 461 1
289 480 1
289 497 1
289 499 1
290 329 1
290 337 1
290 351 1
290 391 1
290 462 1
290 467 1
291 323 1
291 330 1
291 404 1
291 425 1
291 452 1
291 464 1
292 300 1
292 301 1
292 306 1
292 359 1
292 373 1
293 348 1
293 357 1
293 385 1
293 493 1
294 305 1
294 460 1
295 307 1
295 319 1
295 339 1
295 461 1
295 472 1
295 493 1
296 349 1
296 384 1
296 395 1
296 412 1
297 387 1
298 313 1
298 448 1
299 321 1
299 420 1
299 448 1
299 472 1
299 495 1
300 356 1
300 367 1
300 371 1
300 416 1
300 481 1
301 371 1
301 431 1
301 449 1
301 481 1
302 382 1
302 388 1
302 398 1
302 422 1
302 441 1
302 450 1
302 494 1
303 330 1
303 347 1
303 355 1
303 356 1
303 425 1
303 473 1
304 366 1
304 372 1
304 388 1
304 408 1
304 438 1
304 441 1
304 442 1
304 494 1
305 332 1
305 341 1
305 398 1
305 485 1
306 337 1
306 363 1
306 378 1
306 410 1
306 411 1
306 453 1
306 461 1
307 329 1
307 372 1
307 378 1
307 431 1
307 437 1
307 468 1
308 388 1
308 392 1
308 396 1
308 398 1
309 325 1
309 335 1
309 377 1
309 440 1
309 452 1
309 467 1
310 313 1
310 338 1
310 390 1
310 391 1
310 409 1
310 424 1
310 434 1
310 457 1
310 465 1
310 496 1
311 367 1
311 378 1
311 430 1
311 456 1
311 489 1
312 313 1
312 323 1
312 362 1
312 370 1
312 392 1
312 434 1
312 438 1
312 441 1
312 442 1
312 461 1
312 488 1
313 412 1
313 413 1
313 436 1
313 467 1
313 475 1
313 481 1
313 488 1
314 325 1
314 337 1
314 340 1
314 347 1
314 430 1
314 437 1
314 477 1
315 321 1
315 329 1
315 343 1
315 370 1
315 397 1
315 413 1
315 430 1
315 436 1
315 451 1
315 454 1
315 487 1
316 335 1
316 451 1
317 400 1
317 402 1
317 426 1
317 460 1
318 366 1
318 456 1
318 474 1
318 478 1
318 500 1
319 354 1
319 435 1
320 329 1
320 349 1
320 382 1
320 408 1
320 411 1
320 438 1
321 380 1
321 406 1
321 417 1
322 345 1
322 400 1
322 407 1
322 416 1
322 469 1
322 483 1
323 337 1
323 379 1
323 449 1
324 377 1
324 379 1
324 416 1
324 434 1
324 435 1
325 329 1
325 391 1
325 405 1
325 414 1
325 433 1
325 454 1
325 478 1
325 494 1
325 500 1
326 354 1
326 370 1
326 458 1
327 342 1
327 343 1
327 380 1
327 410 1
328 366 1
328 390 1
328 411 1
328 418 1
328 423 1
328 431 1
328 447 1
328 448 1
328 457 1
328 493 1
329 361 1
329 369 1
329 396 1
329 401 1
329 425 1
329 481 1
330 334 1
330 347 1
330 356 1
330 363 1
330 405 1
330 417 1
330 439 1
330 445 1
330 461 1
330 478 1
330 484 1
330 492 1
330 496 1
331 462 1
331 498 1
332 335 1
332 399 1
332 480 1
332 482 1
333 420 1
333 422 1
333 480 1
334 364 1
334 408 1
334 462 1
334 465 1
335 368 1
335 481 1
335 489 1
336 408 1
337 346 1
337 356 1
338 346 1
338 347 1
338 356 1
338 386 1
338 426 1
338 468 1
338 469 1
339 350 1
339 413 1
339 462 1
340 355 1
340 398 1
340 486 1
341 351 1
341 423 1
341 470 1
342 347 1
342 353 1
342 407 1
342 428 1
342 484 1
342 490 1
343 347 1
343 350 1
343 444 1
343 465 1
343 469 1
343 476 1
344 375 1
344 414 1
344 435 1
344 458 1
344 459 1
344 466 1
344 483 1
344 484 1
345 371 1
345 373 1
345 405 1
345 480 1
345 499 1
346 380 1
346 447 1
346 467 1
346 485 1
347 388 1
347 416 1
347 464 1
347 493 1
347 498 1
348 358 1
348 371 1
348 409 1
348 422 1
348 449 1
348 458 1
349 397 1
349 457 1
349 499 1
350 401 1
350 402 1
350 465 1
351 400 1
351 453 1
351 462 1
352 355 1
352 360 1
352 361 1
352 425 1
352 430 1
352 452 1
352 461 1
353 365 1
353 369 1
353 386 1
353 476 1
353 478 1
353 492 1
354 355 1
354 372 1
354 380 1
354 423 1
354 450 1
354 465 1
354 479 1
355 431 1
355 440 1
356 405 1
356 410 1
356 469 1
356 474 1
356 489 1
357 360 1
357 380 1
357 393 1
358 362 1
358 496 1
359 377 1
359 382 1
359 393 1
359 403 1
359 433 1
359 465 1
359 483 1
360 399 1
360 402 1
360 469 1
360 475 1
361 371 1
361 378 1
361 382 1
361 388 1
361 389 1
361 491 1
362 441 1
362 462 1
362 491 1
363 392 1
363 447 1
363 458 1
363 468 1
363 469 1
363 486 1
364 396 1
364 410 1
364 416 1
364 490 1
365 430 1
365 431 1
365 485 1
366 389 1
366 414 1
367 389 1
367 409 1
367 477 1
368 385 1
368 418 1
368 481 1
368 493 1
369 370 1
369 376 1
369 391 1
369 409 1
369 437 1
369 452 1
369 458 1
371 382 1
371 392 1
371 482 1
371 486 1
371 499 1
372 411 1
372 458 1
373 397 1
373 459 1
373 479 1
373 493 1
374 406 1
374 419 1
374 444 1
374 451 1
374 452 1
374 471 1
374 494 1
375 447 1
375 456 1
376 400 1
376 488 1
377 407 1
377 411 1
377 436 1
378 395 1
378 425 1
378 429 1
378 464 1
378 471 1
378 474 1
379 432 1
379 451 1
379 486 1
380 387 1
380 414 1
380 423 1
380 430 1
380 449 1
380 462 1
380 475 1
380 476 1
381 446 1
381 464 1
381 466 1
381 469 1
381 488 1
382 406 1
382 421 1
382 445 1
382 474 1
383 413 1
383 425 1
383 455 1
383 469 1
383 497 1
384 467 1
384 489 1
385 393 1
385 401 1
385 454 1
385 492 1
385 497 1
385 498 1
385 499 1
386 394 1
386 415 1
386 456 1
386 464 1
386 470 1
387 417 1
387 475 1
387 484 1
388 392 1
388 409 1
389 431 1
389 476 1
390 449 1
390 464 1
390 485 1
391 398 1
392 431 1
393 432 1
393 497 1
394 400 1
394 421 1
394 440 1
394 461 1
394 473 1
395 456 1
395 488 1
397 418 1
397 433 1
397 475 1
397 476 1
397 493 1
398 401 1
398 449 1
399 412 1
400 402 1
400 411 1
400 417 1
400 421 1
400 427 1
401 412 1
401 473 1
401 486 1
401 500 1
402 440 1
402 496 1
403 431 1
403 433 1
403 461 1
403 479 1
403 480 1
404 414 1
404 468 1
404 494 1
405 406 1
405 478 1
406 408 1
406 445 1
406 479 1
406 497 1
408 432 1
408 436 1
410 420 1
410 454 1
410 460 1
410 469 1
411 458 1
411 467 1
411 491 1
412 416 1
412 440 1
412 484 1
413 430 1
413 457 1
413 466 1
414 429 1
414 442 1
414 461 1
414 487 1
415 443 1
415 446 1
415 480 1
415 482 1
416 418 1
416 440 1
416 443 1
416 454 1
416 489 1
417 429 1
417 451 1
417 491 1
418 419 1
418 432 1
418 492 1
419 466 1
419 480 1
419 496 1
420 452 1
420 453 1
420 494 1
420 497 1
421 447 1
421 474 1
421 481 1
421 495 1
422 425 1
423 481 1
424 448 1
424 482 1
424 491 1
425 499 1
426 429 1
426 436 1
426 438 1
427 476 1
428 471 1
428 481 1
430 482 1
430 485 1
431 446 1
431 500 1
432 441 1
432 450 1
432 498 1
435 436 1
435 486 1
436 477 1
437 444 1
437 477 1
439 452 1
439 459 1
439 486 1
441 458 1
441 483 1
441 496 1
442 473 1
443 484 1
443 487 1
443 495 1
444 483 1
445 465 1
445 468 1
446 473 1
446 481 1
448 459 1
448 476 1
448 478 1
448 483 1
449 492 1
450 474 1
451 464 1
452 462 1
452 489 1
452 496 1
455 470 1
455 489 1
455 498 1
456 466 1
456 467 1
456 477 1
457 477 1
457 479 1
457 486 1
457 495 1
458 462 1
460 463 1
460 494 1
462 494 1
463 471 1
463 492 1
464 482 1
465 472 1
468 476 1
468 496 1
469 487 1
470 471 1
470 477 1
470 483 1
472 491 1
473 477 1
473 489 1
474 487 1
475 495 1
477 478 1
477 494 1
478 500 1
479 481 1
479 489 1
481 483 1
482 497 1
485 488 1
488 497 1
489 490 1
489 495 1
490 492 1
494 495 1
