300 2036 
1 5 1
1 13 1
1 54 1
1 58 1
1 77 1
1 126 1
1 162 1
1 197 1
1 203 1
1 224 1
1 251 1
1 259 1
1 278 1
2 6 1
2 7 1
2 46 1
2 85 1
2 90 1
2 162 1
2 165 1
2 207 1
2 255 1
2 267 1
2 274 1
3 54 1
3 77 1
3 83 1
3 128 1
3 142 1
3 152 1
3 157 1
3 158 1
3 172 1
3 206 1
3 277 1
4 28 1
4 31 1
4 32 1
4 39 1
4 44 1
4 62 1
4 65 1
4 69 1
4 103 1
4 108 1
4 112 1
4 131 1
4 168 1
4 172 1
4 173 1
4 189 1
4 208 1
4 217 1
4 243 1
4 258 1
4 294 1
5 6 1
5 12 1
5 25 1
5 49 1
5 56 1
5 122 1
5 139 1
5 166 1
5 200 1
5 220 1
5 286 1
5 291 1
6 7 1
6 25 1
6 31 1
6 63 1
6 75 1
6 84 1
6 136 1
6 140 1
6 193 1
6 195 1
6 249 1
6 300 1
7 8 1
7 15 1
7 27 1
7 50 1
7 59 1
7 121 1
7 139 1
7 145 1
7 160 1
7 224 1
7 279 1
8 25 1
8 34 1
8 140 1
8 171 1
8 181 1
8 188 1
8 261 1
8 273 1
9 49 1
9 82 1
9 121 1
9 226 1
9 248 1
9 252 1
9 277 1
9 284 1
9 298 1
10 118 1
10 147 1
10 172 1
10 207 1
10 283 1
11 28 1
11 54 1
11 95 1
11 121 1
11 126 1
11 138 1
11 140 1
11 149 1
11 160 1
11 167 1
11 173 1
11 192 1
11 213 1
11 282 1
12 40 1
12 158 1
12 169 1
12 171 1
12 213 1
12 215 1
12 218 1
12 253 1
12 282 1
13 16 1
13 38 1
13 62 1
13 78 1
13 116 1
13 145 1
13 191 1
13 215 1
13 227 1
13 246 1
14 32 1
14 57 1
14 85 1
14 90 1
14 120 1
14 126 1
14 138 1
14 174 1
14 196 1
14 202 1
14 207 1
14 208 1
14 210 1
15 22 1
15 47 1
15 103 1
15 173 1
15 191 1
15 212 1
15 214 1
15 257 1
15 260 1
15 263 1
15 278 1
15 298 1
16 17 1
16 21 1
16 46 1
16 60 1
16 122 1
16 170 1
16 214 1
16 220 1
16 223 1
16 250 1
16 265 1
16 276 1
17 40 1
17 52 1
17 66 1
17 107 1
17 118 1
17 125 1
17 131 1
17 132 1
17 154 1
17 157 1
17 189 1
17 207 1
17 211 1
17 228 1
17 274 1
17 292 1
18 37 1
18 38 1
18 62 1
18 68 1
18 77 1
18 114 1
18 117 1
18 120 1
18 146 1
18 167 1
18 176 1
18 179 1
18 247 1
18 263 1
18 293 1
18 297 1
19 27 1
19 44 1
19 58 1
19 78 1
19 89 1
19 90 1
19 164 1
19 210 1
19 220 1
20 49 1
20 69 1
20 76 1
20 84 1
20 95 1
20 165 1
20 178 1
20 235 1
20 264 1
20 278 1
20 280 1
20 286 1
21 49 1
21 58 1
21 61 1
21 94 1
21 99 1
21 112 1
21 130 1
21 138 1
21 234 1
21 256 1
21 265 1
22 41 1
22 43 1
22 46 1
22 62 1
22 119 1
22 127 1
22 149 1
22 200 1
22 239 1
22 254 1
22 255 1
22 270 1
23 41 1
23 80 1
23 107 1
23 114 1
23 129 1
23 154 1
23 207 1
23 239 1
23 248 1
23 264 1
23 266 1
23 298 1
24 39 1
24 51 1
24 100 1
24 105 1
24 106 1
24 116 1
24 120 1
24 121 1
24 127 1
24 133 1
24 139 1
24 181 1
24 186 1
24 190 1
24 191 1
24 236 1
24 294 1
25 72 1
25 134 1
25 152 1
25 153 1
25 156 1
25 178 1
25 189 1
25 218 1
25 219 1
25 229 1
25 248 1
25 266 1
25 286 1
25 295 1
26 27 1
26 33 1
26 37 1
26 44 1
26 96 1
26 101 1
26 112 1
26 135 1
26 150 1
26 190 1
26 202 1
26 228 1
26 238 1
26 274 1
26 276 1
27 56 1
27 114 1
27 128 1
27 189 1
27 221 1
27 279 1
28 31 1
28 38 1
28 93 1
28 114 1
28 130 1
28 176 1
28 187 1
28 194 1
28 219 1
28 221 1
28 233 1
28 252 1
28 272 1
28 281 1
28 284 1
29 43 1
29 57 1
29 91 1
29 111 1
29 141 1
29 156 1
29 161 1
29 195 1
29 197 1
29 199 1
29 218 1
29 221 1
29 231 1
29 254 1
29 268 1
30 38 1
30 52 1
30 79 1
30 97 1
30 111 1
30 114 1
30 122 1
30 134 1
30 142 1
30 143 1
30 163 1
30 195 1
30 201 1
30 214 1
30 218 1
30 235 1
30 237 1
30 264 1
31 79 1
31 130 1
31 175 1
31 182 1
31 197 1
31 201 1
31 202 1
31 223 1
31 225 1
31 227 1
31 264 1
31 280 1
31 300 1
32 43 1
32 53 1
32 85 1
32 87 1
32 88 1
32 89 1
32 144 1
32 159 1
32 164 1
32 179 1
32 192 1
32 227 1
32 233 1
32 287 1
33 42 1
33 51 1
33 62 1
33 78 1
33 128 1
33 155 1
33 173 1
33 200 1
33 203 1
33 205 1
33 211 1
33 219 1
33 237 1
33 254 1
33 256 1
34 45 1
34 49 1
34 71 1
34 117 1
34 125 1
34 143 1
34 157 1
34 183 1
34 247 1
34 282 1
34 299 1
35 39 1
35 52 1
35 72 1
35 142 1
35 263 1
35 285 1
36 45 1
36 50 1
36 104 1
36 115 1
36 122 1
36 174 1
36 187 1
36 270 1
36 290 1
36 297 1
37 117 1
37 164 1
37 182 1
37 184 1
37 203 1
37 233 1
37 241 1
37 274 1
37 284 1
38 40 1
38 54 1
38 60 1
38 108 1
38 169 1
38 265 1
38 290 1
38 297 1
39 55 1
39 66 1
39 73 1
39 116 1
39 146 1
39 185 1
39 191 1
39 225 1
39 259 1
39 267 1
39 279 1
40 45 1
40 59 1
40 65 1
40 84 1
40 109 1
40 147 1
40 161 1
40 183 1
40 213 1
40 215 1
40 216 1
40 222 1
40 246 1
40 261 1
40 278 1
40 284 1
41 43 1
41 48 1
41 53 1
41 74 1
41 81 1
41 82 1
41 169 1
41 177 1
41 230 1
41 241 1
41 243 1
41 260 1
41 270 1
41 275 1
41 281 1
41 282 1
42 58 1
42 96 1
42 108 1
42 145 1
42 151 1
42 185 1
42 206 1
42 236 1
42 239 1
43 44 1
43 46 1
43 104 1
43 128 1
43 151 1
43 180 1
43 191 1
43 212 1
43 289 1
44 61 1
44 72 1
44 103 1
44 116 1
44 148 1
44 162 1
44 179 1
44 196 1
44 204 1
44 211 1
44 228 1
44 296 1
45 53 1
45 60 1
45 64 1
45 75 1
45 103 1
45 142 1
45 152 1
45 174 1
45 176 1
45 181 1
45 243 1
45 252 1
45 255 1
46 58 1
46 73 1
46 76 1
46 78 1
46 79 1
46 86 1
46 115 1
46 120 1
46 127 1
46 132 1
46 149 1
46 186 1
46 191 1
46 266 1
46 286 1
46 291 1
46 294 1
47 59 1
47 138 1
47 180 1
47 194 1
47 209 1
47 213 1
47 220 1
47 235 1
47 243 1
48 53 1
48 64 1
48 132 1
48 137 1
48 159 1
48 173 1
48 179 1
48 234 1
48 246 1
48 256 1
49 60 1
49 124 1
49 141 1
49 153 1
49 160 1
49 233 1
49 235 1
50 53 1
50 92 1
50 106 1
50 113 1
50 135 1
50 142 1
50 156 1
50 171 1
50 175 1
50 194 1
50 197 1
50 201 1
50 228 1
50 261 1
51 78 1
51 82 1
51 84 1
51 145 1
51 147 1
51 175 1
51 257 1
51 285 1
52 56 1
52 58 1
52 76 1
52 90 1
52 93 1
52 105 1
52 113 1
52 167 1
52 175 1
52 244 1
52 260 1
53 74 1
53 103 1
53 152 1
53 157 1
53 165 1
53 193 1
53 197 1
53 204 1
53 229 1
53 247 1
54 57 1
54 83 1
54 87 1
54 130 1
54 141 1
54 209 1
54 213 1
54 221 1
54 225 1
54 249 1
54 264 1
54 281 1
54 300 1
55 81 1
55 140 1
55 149 1
55 197 1
55 217 1
55 222 1
55 225 1
55 256 1
55 277 1
56 63 1
56 77 1
56 104 1
56 120 1
56 130 1
56 167 1
56 199 1
56 219 1
56 270 1
56 285 1
56 300 1
57 70 1
57 79 1
57 91 1
57 104 1
57 165 1
57 193 1
57 204 1
57 219 1
57 244 1
57 251 1
57 270 1
58 63 1
58 70 1
58 118 1
58 134 1
58 149 1
58 181 1
58 182 1
58 190 1
58 191 1
58 192 1
58 205 1
58 217 1
58 225 1
58 231 1
58 236 1
58 251 1
58 299 1
59 72 1
59 83 1
59 102 1
59 129 1
59 148 1
59 155 1
59 162 1
59 188 1
59 201 1
59 202 1
59 214 1
59 229 1
59 247 1
59 250 1
59 288 1
59 289 1
59 291 1
60 61 1
60 76 1
60 93 1
60 98 1
60 103 1
60 113 1
60 148 1
60 150 1
60 165 1
60 292 1
61 91 1
61 124 1
61 147 1
61 158 1
61 205 1
61 227 1
61 237 1
61 255 1
61 275 1
61 288 1
62 67 1
62 80 1
62 118 1
62 171 1
62 208 1
62 212 1
62 254 1
63 70 1
63 83 1
63 176 1
63 184 1
63 239 1
63 241 1
63 245 1
63 268 1
64 105 1
64 111 1
64 114 1
64 141 1
64 168 1
64 191 1
64 214 1
64 255 1
64 297 1
65 78 1
65 121 1
65 162 1
65 166 1
65 175 1
65 225 1
65 270 1
65 271 1
66 75 1
66 76 1
66 86 1
66 98 1
66 105 1
66 146 1
66 174 1
66 189 1
66 210 1
66 227 1
66 233 1
66 266 1
66 285 1
66 286 1
66 299 1
66 300 1
67 97 1
67 98 1
67 100 1
67 102 1
67 146 1
67 150 1
67 152 1
67 172 1
67 206 1
67 285 1
67 293 1
68 79 1
68 84 1
68 127 1
68 156 1
68 189 1
68 195 1
68 265 1
68 283 1
68 290 1
68 291 1
68 298 1
69 79 1
69 86 1
69 137 1
69 154 1
69 184 1
69 185 1
69 262 1
69 264 1
70 73 1
70 78 1
70 89 1
70 92 1
70 109 1
70 112 1
70 118 1
70 123 1
70 148 1
70 154 1
70 155 1
70 211 1
70 230 1
70 240 1
70 258 1
70 262 1
70 285 1
71 110 1
71 116 1
71 139 1
71 193 1
71 204 1
71 212 1
71 220 1
71 234 1
71 244 1
71 278 1
71 296 1
72 95 1
72 137 1
72 148 1
72 161 1
72 187 1
72 203 1
72 220 1
72 250 1
72 263 1
72 274 1
73 88 1
73 91 1
73 111 1
73 150 1
73 161 1
73 177 1
73 200 1
73 220 1
74 107 1
74 118 1
74 120 1
74 141 1
74 152 1
74 159 1
74 197 1
74 203 1
74 205 1
74 269 1
74 276 1
74 277 1
74 279 1
75 138 1
75 167 1
75 186 1
75 189 1
75 254 1
75 299 1
76 88 1
76 102 1
76 113 1
76 127 1
76 132 1
76 225 1
76 231 1
76 244 1
76 245 1
76 266 1
76 269 1
76 272 1
77 81 1
77 86 1
77 87 1
77 98 1
77 102 1
77 117 1
77 131 1
77 142 1
77 159 1
77 295 1
78 80 1
78 115 1
78 200 1
78 213 1
78 228 1
78 232 1
78 274 1
78 294 1
78 295 1
79 96 1
79 192 1
79 210 1
79 238 1
79 269 1
79 279 1
79 282 1
79 287 1
79 297 1
80 96 1
80 124 1
80 127 1
80 141 1
80 151 1
80 163 1
80 197 1
80 221 1
80 236 1
80 246 1
80 259 1
80 261 1
80 280 1
81 106 1
81 145 1
81 225 1
81 250 1
81 287 1
82 84 1
82 98 1
82 109 1
82 125 1
82 171 1
82 180 1
82 182 1
82 250 1
82 251 1
82 254 1
83 93 1
83 101 1
83 117 1
83 137 1
83 151 1
83 161 1
83 203 1
83 218 1
83 251 1
83 269 1
83 282 1
84 96 1
84 107 1
84 145 1
84 208 1
84 223 1
84 248 1
84 258 1
84 265 1
84 281 1
84 296 1
84 298 1
85 100 1
85 123 1
85 136 1
85 177 1
85 210 1
85 270 1
85 280 1
85 284 1
86 103 1
86 168 1
86 197 1
86 241 1
86 294 1
87 109 1
87 110 1
87 120 1
87 150 1
87 164 1
87 189 1
87 198 1
87 209 1
87 281 1
87 293 1
88 92 1
88 106 1
88 108 1
88 117 1
88 141 1
88 145 1
88 208 1
88 213 1
88 219 1
88 250 1
89 107 1
89 109 1
89 120 1
89 133 1
89 199 1
89 215 1
89 242 1
89 245 1
89 273 1
89 275 1
89 291 1
90 131 1
90 132 1
90 186 1
90 190 1
90 214 1
90 242 1
90 266 1
91 93 1
91 97 1
91 105 1
91 123 1
91 158 1
91 164 1
91 166 1
91 178 1
91 198 1
91 215 1
91 232 1
91 234 1
91 272 1
91 289 1
91 294 1
92 100 1
92 102 1
92 120 1
92 131 1
92 162 1
92 221 1
92 227 1
92 246 1
92 253 1
92 287 1
92 294 1
93 111 1
93 136 1
93 173 1
93 248 1
93 271 1
94 121 1
94 134 1
94 171 1
94 254 1
94 283 1
94 288 1
95 119 1
95 138 1
95 145 1
95 166 1
95 176 1
95 192 1
95 203 1
95 221 1
95 280 1
96 130 1
96 224 1
96 237 1
96 262 1
96 266 1
96 270 1
96 273 1
96 274 1
97 113 1
97 133 1
97 136 1
97 158 1
97 164 1
97 193 1
97 232 1
97 264 1
97 274 1
97 293 1
98 100 1
98 111 1
98 144 1
98 162 1
98 176 1
98 182 1
98 201 1
98 209 1
98 211 1
98 218 1
98 269 1
99 159 1
99 193 1
99 229 1
99 296 1
100 112 1
100 135 1
100 142 1
100 232 1
100 253 1
100 259 1
100 281 1
100 285 1
101 102 1
101 110 1
101 138 1
101 168 1
101 179 1
101 180 1
101 251 1
101 267 1
101 281 1
102 123 1
102 128 1
102 170 1
102 194 1
102 212 1
102 220 1
102 234 1
102 239 1
102 257 1
102 262 1
102 285 1
102 294 1
103 184 1
103 206 1
103 219 1
103 256 1
103 291 1
104 112 1
104 118 1
104 152 1
104 161 1
104 187 1
104 205 1
104 217 1
104 226 1
104 237 1
104 241 1
104 259 1
104 268 1
104 271 1
104 288 1
105 143 1
105 151 1
105 177 1
105 187 1
105 188 1
105 207 1
105 217 1
105 241 1
105 274 1
106 146 1
106 158 1
106 160 1
106 167 1
106 182 1
106 192 1
106 212 1
106 234 1
106 258 1
107 111 1
107 145 1
107 169 1
107 179 1
107 186 1
107 190 1
107 224 1
107 228 1
107 233 1
107 262 1
107 265 1
107 269 1
107 277 1
107 281 1
107 284 1
107 291 1
108 134 1
108 161 1
108 167 1
108 183 1
108 194 1
108 202 1
108 283 1
109 114 1
109 135 1
109 140 1
109 169 1
109 186 1
109 188 1
109 197 1
109 211 1
109 241 1
109 244 1
109 252 1
109 257 1
110 133 1
110 135 1
110 137 1
110 153 1
110 166 1
110 180 1
110 199 1
110 207 1
110 211 1
110 215 1
110 224 1
110 235 1
110 252 1
110 299 1
111 117 1
111 123 1
111 155 1
111 158 1
111 178 1
111 219 1
111 231 1
111 260 1
111 295 1
111 300 1
112 153 1
112 218 1
112 240 1
112 241 1
112 270 1
113 143 1
113 196 1
113 241 1
113 255 1
113 273 1
114 135 1
114 190 1
114 216 1
114 268 1
114 286 1
114 293 1
115 157 1
115 177 1
115 188 1
115 230 1
115 248 1
115 268 1
115 275 1
116 133 1
116 182 1
116 184 1
116 195 1
116 229 1
116 234 1
116 240 1
116 252 1
116 261 1
116 270 1
116 278 1
116 287 1
116 288 1
117 227 1
117 230 1
117 240 1
117 257 1
117 275 1
117 283 1
118 149 1
118 159 1
118 178 1
118 191 1
118 229 1
118 237 1
118 291 1
119 128 1
119 141 1
119 148 1
119 158 1
119 162 1
119 174 1
119 189 1
119 213 1
119 215 1
119 216 1
119 243 1
119 244 1
119 246 1
119 286 1
119 287 1
120 139 1
120 157 1
120 164 1
120 205 1
120 222 1
120 228 1
120 255 1
120 272 1
120 289 1
121 146 1
121 159 1
121 176 1
121 197 1
121 228 1
121 230 1
121 248 1
121 257 1
121 289 1
122 160 1
122 225 1
122 230 1
122 241 1
122 300 1
123 155 1
123 209 1
123 248 1
123 265 1
123 272 1
123 294 1
123 299 1
124 143 1
124 147 1
124 168 1
124 196 1
124 247 1
124 248 1
124 268 1
124 291 1
125 187 1
125 231 1
125 252 1
125 256 1
126 137 1
126 139 1
126 150 1
126 254 1
126 269 1
126 283 1
126 288 1
126 300 1
127 132 1
127 133 1
127 134 1
127 148 1
127 192 1
127 200 1
127 213 1
127 217 1
127 222 1
127 251 1
127 262 1
128 160 1
128 172 1
128 195 1
128 210 1
128 216 1
128 221 1
128 242 1
128 258 1
129 144 1
129 171 1
129 178 1
129 213 1
129 261 1
129 271 1
129 272 1
129 276 1
129 287 1
129 298 1
130 153 1
130 165 1
130 185 1
130 199 1
130 204 1
130 249 1
130 279 1
131 142 1
131 169 1
131 204 1
131 222 1
131 248 1
131 259 1
131 273 1
131 300 1
132 149 1
132 167 1
132 215 1
132 218 1
132 223 1
132 242 1
132 253 1
132 264 1
132 274 1
133 143 1
133 151 1
133 198 1
133 202 1
133 221 1
133 243 1
133 253 1
133 276 1
134 142 1
134 164 1
134 168 1
134 186 1
134 212 1
134 261 1
134 265 1
134 273 1
134 291 1
135 141 1
135 146 1
135 159 1
135 160 1
135 177 1
135 180 1
135 259 1
135 260 1
136 148 1
136 176 1
136 192 1
136 209 1
136 223 1
136 228 1
136 265 1
136 266 1
136 287 1
137 140 1
137 182 1
137 212 1
137 233 1
137 254 1
137 274 1
137 276 1
137 280 1
137 283 1
138 179 1
138 249 1
138 260 1
138 266 1
138 275 1
138 284 1
139 160 1
139 204 1
139 207 1
139 260 1
139 267 1
139 289 1
140 171 1
140 183 1
140 190 1
140 192 1
140 206 1
140 214 1
140 221 1
140 236 1
140 244 1
140 269 1
140 277 1
140 281 1
140 293 1
141 147 1
141 161 1
141 166 1
141 237 1
141 262 1
141 278 1
141 280 1
141 283 1
141 296 1
142 184 1
142 213 1
142 258 1
142 286 1
142 300 1
143 192 1
143 206 1
143 245 1
143 279 1
143 289 1
143 290 1
144 149 1
144 167 1
144 195 1
144 199 1
144 210 1
144 217 1
144 227 1
144 242 1
144 262 1
144 288 1
144 298 1
145 165 1
145 186 1
145 200 1
145 203 1
145 221 1
145 298 1
146 153 1
146 168 1
146 170 1
146 199 1
146 215 1
146 236 1
147 181 1
147 196 1
147 212 1
147 239 1
147 250 1
147 287 1
148 150 1
148 226 1
148 252 1
148 254 1
148 285 1
148 296 1
148 299 1
149 173 1
149 179 1
149 185 1
149 187 1
149 194 1
149 220 1
149 249 1
149 255 1
149 282 1
149 284 1
149 287 1
149 296 1
150 167 1
150 171 1
150 186 1
150 204 1
150 211 1
150 223 1
150 230 1
150 238 1
150 240 1
150 252 1
151 155 1
151 177 1
151 188 1
151 202 1
151 229 1
151 298 1
152 163 1
152 165 1
152 179 1
152 182 1
152 183 1
152 197 1
152 261 1
152 284 1
153 158 1
153 189 1
153 250 1
153 251 1
153 273 1
153 284 1
154 199 1
154 238 1
154 242 1
154 265 1
154 289 1
154 291 1
154 297 1
155 166 1
155 170 1
155 172 1
155 173 1
155 249 1
155 265 1
155 268 1
156 237 1
156 277 1
156 279 1
157 196 1
157 203 1
157 214 1
157 230 1
157 255 1
157 277 1
158 257 1
159 164 1
159 177 1
159 185 1
159 216 1
159 232 1
159 234 1
159 257 1
159 287 1
159 293 1
160 166 1
160 176 1
160 196 1
160 247 1
160 287 1
161 179 1
161 212 1
161 263 1
162 175 1
162 194 1
162 236 1
162 265 1
163 168 1
163 191 1
163 206 1
163 210 1
163 238 1
163 259 1
163 263 1
163 280 1
164 194 1
164 223 1
164 226 1
164 234 1
164 242 1
164 243 1
164 254 1
164 265 1
164 298 1
165 183 1
165 218 1
165 236 1
165 243 1
165 248 1
165 260 1
165 268 1
165 295 1
165 299 1
166 175 1
166 209 1
166 222 1
166 292 1
166 295 1
167 182 1
167 208 1
167 225 1
167 256 1
167 269 1
167 270 1
167 286 1
167 300 1
168 181 1
168 183 1
168 192 1
168 216 1
168 232 1
168 237 1
168 245 1
168 275 1
168 277 1
169 185 1
169 195 1
169 273 1
169 276 1
170 171 1
170 172 1
170 178 1
170 200 1
170 202 1
170 207 1
170 220 1
170 258 1
170 281 1
171 206 1
171 209 1
171 228 1
171 245 1
171 279 1
171 289 1
172 190 1
172 227 1
172 231 1
172 244 1
172 246 1
172 258 1
172 263 1
172 264 1
172 268 1
172 272 1
172 285 1
173 178 1
173 203 1
173 214 1
173 227 1
174 179 1
174 202 1
174 245 1
174 271 1
174 289 1
175 198 1
175 224 1
175 229 1
175 249 1
175 261 1
175 272 1
175 291 1
176 206 1
176 269 1
177 180 1
177 188 1
177 195 1
177 203 1
177 213 1
177 230 1
177 240 1
177 253 1
177 285 1
178 182 1
178 186 1
178 188 1
178 189 1
178 194 1
178 204 1
178 211 1
178 234 1
178 236 1
178 258 1
178 271 1
178 296 1
179 198 1
179 222 1
179 244 1
179 295 1
180 215 1
180 246 1
180 260 1
180 294 1
181 222 1
181 235 1
181 258 1
181 273 1
181 277 1
182 235 1
182 246 1
182 286 1
182 292 1
182 298 1
183 231 1
183 232 1
183 259 1
183 287 1
184 221 1
184 285 1
185 198 1
185 201 1
185 209 1
185 235 1
186 189 1
186 235 1
186 238 1
186 258 1
186 297 1
187 196 1
187 199 1
187 200 1
187 208 1
187 211 1
187 215 1
187 225 1
187 231 1
187 240 1
187 275 1
187 293 1
188 192 1
188 222 1
188 230 1
188 232 1
188 271 1
188 275 1
188 278 1
188 295 1
189 217 1
189 223 1
189 226 1
189 238 1
189 282 1
189 284 1
190 194 1
190 195 1
190 206 1
190 208 1
190 212 1
190 238 1
190 242 1
190 263 1
190 271 1
190 291 1
191 198 1
191 201 1
191 204 1
191 274 1
191 292 1
192 193 1
192 212 1
192 226 1
192 260 1
193 196 1
193 232 1
193 239 1
193 256 1
193 271 1
193 293 1
193 297 1
194 225 1
194 249 1
194 278 1
195 199 1
195 202 1
195 250 1
195 263 1
196 216 1
196 219 1
196 240 1
197 210 1
197 231 1
198 205 1
198 226 1
198 231 1
198 249 1
198 267 1
198 292 1
199 218 1
199 269 1
199 281 1
200 244 1
200 256 1
200 292 1
201 205 1
201 206 1
201 280 1
202 208 1
202 212 1
202 222 1
202 230 1
202 235 1
202 249 1
202 262 1
202 300 1
203 228 1
203 234 1
204 210 1
204 230 1
204 234 1
204 238 1
204 239 1
204 246 1
204 250 1
204 254 1
204 294 1
204 296 1
205 216 1
205 247 1
205 263 1
205 286 1
206 209 1
206 230 1
206 238 1
206 245 1
207 246 1
207 267 1
208 220 1
208 283 1
209 220 1
209 221 1
209 263 1
209 268 1
209 280 1
209 289 1
210 214 1
210 224 1
210 248 1
210 292 1
211 229 1
211 237 1
211 242 1
212 222 1
212 239 1
213 247 1
213 253 1
213 296 1
213 297 1
214 269 1
214 279 1
214 281 1
215 240 1
215 268 1
216 246 1
216 275 1
216 280 1
217 233 1
217 239 1
218 227 1
218 231 1
218 233 1
218 242 1
218 271 1
219 221 1
219 250 1
219 283 1
220 273 1
221 228 1
221 255 1
221 268 1
221 272 1
222 224 1
222 255 1
222 282 1
223 240 1
223 250 1
224 229 1
224 236 1
224 256 1
225 240 1
225 242 1
225 254 1
225 263 1
225 290 1
226 280 1
227 255 1
227 264 1
227 275 1
228 245 1
228 271 1
228 294 1
229 238 1
229 244 1
229 257 1
229 296 1
229 299 1
230 237 1
230 274 1
232 257 1
232 273 1
233 245 1
233 266 1
233 295 1
234 276 1
234 288 1
235 267 1
235 293 1
235 295 1
236 277 1
236 296 1
237 249 1
238 292 1
238 294 1
239 242 1
239 251 1
239 290 1
240 250 1
240 290 1
241 287 1
241 290 1
242 245 1
242 256 1
242 266 1
242 271 1
242 282 1
242 286 1
242 290 1
242 299 1
244 248 1
244 263 1
244 288 1
245 253 1
245 261 1
245 267 1
246 273 1
246 279 1
246 297 1
247 262 1
247 278 1
247 283 1
247 290 1
247 296 1
248 276 1
248 279 1
248 288 1
248 298 1
249 259 1
249 292 1
250 262 1
250 289 1
250 293 1
251 256 1
251 298 1
252 264 1
252 266 1
253 256 1
253 262 1
253 265 1
253 276 1
253 277 1
254 261 1
255 261 1
255 285 1
256 258 1
257 293 1
258 261 1
258 283 1
259 270 1
259 290 1
260 268 1
260 288 1
261 276 1
262 286 1
264 272 1
264 278 1
264 290 1
265 267 1
265 274 1
265 296 1
266 267 1
266 277 1
266 278 1
266 288 1
268 273 1
268 282 1
268 293 1
269 277 1
270 271 1
270 272 1
270 281 1
270 295 1
271 272 1
272 292 1
272 295 1
273 299 1
274 280 1
275 280 1
276 284 1
277 290 1
279 297 1
280 286 1
282 299 1
283 297 1
284 293 1
287 295 1
287 300 1
288 292 1
289 292 1
292 297 1
294 295 1
296 299 1
296 300 1
