// obj: 286.0
// running_duration: 4.6770548820495605
// num_nodes: 100
// alg_name: genetic algorithm
1 1
2 2
3 2
4 2
5 2
6 1
7 1
8 2
9 2
10 1
11 2
12 2
13 2
14 1
15 1
16 2
17 1
18 2
19 2
20 2
21 1
22 2
23 1
24 1
25 2
26 1
27 2
28 1
29 1
30 2
31 2
32 1
33 2
34 2
35 1
36 1
37 1
38 2
39 1
40 2
41 1
42 2
43 1
44 1
45 1
46 2
47 2
48 2
49 1
50 1
51 2
52 2
53 1
54 1
55 2
56 2
57 1
58 1
59 2
60 1
61 1
62 1
63 1
64 1
65 2
66 2
67 2
68 1
69 2
70 1
71 2
72 1
73 1
74 2
75 2
76 2
77 1
78 2
79 1
80 1
81 2
82 2
83 1
84 1
85 1
86 1
87 2
88 1
89 1
90 1
91 1
92 1
93 2
94 2
95 2
96 1
97 1
98 2
99 1
100 2
