// obj: 240.0
// running_duration: 18.49657392501831
// num_nodes: 100
// alg_name: genetic algorithm
1 1
2 2
3 2
4 2
5 1
6 1
7 1
8 2
9 1
10 1
11 1
12 2
13 2
14 1
15 1
16 1
17 2
18 1
19 2
20 1
21 2
22 2
23 2
24 2
25 1
26 2
27 2
28 1
29 2
30 2
31 1
32 1
33 2
34 2
35 2
36 2
37 1
38 2
39 2
40 1
41 2
42 2
43 2
44 2
45 2
46 2
47 1
48 1
49 1
50 1
51 1
52 1
53 1
54 1
55 2
56 1
57 2
58 2
59 2
60 1
61 2
62 2
63 1
64 1
65 1
66 1
67 2
68 1
69 1
70 1
71 2
72 1
73 2
74 2
75 2
76 1
77 1
78 1
79 2
80 2
81 1
82 2
83 2
84 1
85 2
86 1
87 1
88 2
89 2
90 2
91 1
92 1
93 2
94 2
95 1
96 2
97 1
98 2
99 1
100 2
