800 4694 
1 7 1
1 10 1
1 12 1
1 13 1
1 14 1
1 15 1
1 20 1
1 21 1
1 23 1
1 24 1
1 27 1
1 31 1
1 34 1
1 38 1
1 40 1
1 77 1
1 89 1
1 97 1
1 109 1
1 112 1
1 122 1
1 145 1
1 154 1
1 155 1
1 156 1
1 159 1
1 171 1
1 178 1
1 197 1
1 200 1
1 202 1
1 234 1
1 235 1
1 256 1
1 279 1
1 288 1
1 304 1
1 308 1
1 324 1
1 331 1
1 349 1
1 353 1
1 363 1
1 377 1
1 382 1
1 392 1
1 400 1
1 401 1
1 410 1
1 424 1
1 444 1
1 471 1
1 476 1
1 533 1
1 538 1
1 579 1
1 580 1
1 605 1
1 647 1
1 670 1
1 685 1
1 731 1
1 766 1
1 2 1
1 3 1
1 4 1
1 5 1
1 6 1
1 8 1
1 9 1
1 11 1
1 35 1
1 93 1
1 101 1
1 127 1
1 168 1
1 190 1
1 207 1
1 217 1
1 227 1
1 236 1
1 250 1
1 259 1
1 368 1
1 385 1
1 402 1
1 468 1
1 559 1
1 711 1
1 728 1
1 739 1
1 754 1
2 8 1
2 23 1
2 51 1
2 161 1
2 377 1
2 444 1
2 483 1
2 638 1
2 710 1
2 3 1
2 4 1
2 9 1
2 11 1
2 32 1
2 61 1
2 92 1
2 187 1
2 247 1
2 310 1
2 563 1
2 711 1
2 763 1
2 766 1
3 11 1
3 29 1
3 55 1
3 64 1
3 68 1
3 76 1
3 91 1
3 139 1
3 147 1
3 170 1
3 186 1
3 221 1
3 301 1
3 393 1
3 425 1
3 435 1
3 518 1
3 521 1
3 635 1
3 680 1
3 4 1
3 5 1
3 7 1
3 8 1
3 10 1
3 13 1
3 14 1
3 15 1
3 17 1
3 18 1
3 19 1
3 20 1
3 26 1
3 27 1
3 30 1
3 32 1
3 40 1
3 45 1
3 54 1
3 62 1
3 69 1
3 100 1
3 101 1
3 126 1
3 174 1
3 183 1
3 184 1
3 185 1
3 189 1
3 202 1
3 217 1
3 234 1
3 247 1
3 248 1
3 271 1
3 304 1
3 308 1
3 313 1
3 314 1
3 328 1
3 333 1
3 355 1
3 361 1
3 373 1
3 375 1
3 398 1
3 400 1
3 407 1
3 419 1
3 427 1
3 445 1
3 447 1
3 451 1
3 464 1
3 470 1
3 482 1
3 486 1
3 494 1
3 526 1
3 545 1
3 559 1
3 567 1
3 601 1
3 609 1
3 631 1
3 643 1
3 645 1
3 670 1
3 717 1
3 722 1
3 733 1
3 737 1
3 742 1
3 768 1
4 8 1
4 11 1
4 17 1
4 18 1
4 21 1
4 23 1
4 26 1
4 27 1
4 30 1
4 44 1
4 45 1
4 47 1
4 51 1
4 57 1
4 62 1
4 69 1
4 72 1
4 79 1
4 81 1
4 115 1
4 118 1
4 122 1
4 135 1
4 154 1
4 168 1
4 182 1
4 188 1
4 199 1
4 231 1
4 233 1
4 246 1
4 280 1
4 308 1
4 319 1
4 349 1
4 389 1
4 393 1
4 411 1
4 427 1
4 432 1
4 483 1
4 492 1
4 493 1
4 505 1
4 510 1
4 518 1
4 529 1
4 574 1
4 578 1
4 610 1
4 661 1
4 663 1
4 720 1
4 734 1
4 775 1
4 780 1
4 791 1
4 5 1
4 6 1
4 7 1
4 9 1
4 22 1
4 24 1
4 29 1
4 32 1
4 35 1
4 36 1
4 48 1
4 49 1
4 52 1
4 56 1
4 70 1
4 85 1
4 93 1
4 109 1
4 119 1
4 134 1
4 143 1
4 155 1
4 163 1
4 170 1
4 174 1
4 177 1
4 186 1
4 187 1
4 193 1
4 200 1
4 214 1
4 218 1
4 235 1
4 259 1
4 278 1
4 310 1
4 340 1
4 350 1
4 354 1
4 365 1
4 379 1
4 385 1
4 401 1
4 406 1
4 418 1
4 439 1
4 442 1
4 456 1
4 460 1
4 466 1
4 490 1
4 491 1
4 509 1
4 536 1
4 537 1
4 543 1
4 556 1
4 588 1
4 612 1
4 680 1
4 685 1
4 686 1
4 697 1
4 709 1
4 717 1
4 722 1
4 745 1
4 751 1
4 753 1
4 763 1
4 773 1
4 788 1
5 14 1
5 19 1
5 37 1
5 42 1
5 46 1
5 55 1
5 57 1
5 58 1
5 59 1
5 60 1
5 68 1
5 86 1
5 88 1
5 91 1
5 105 1
5 111 1
5 121 1
5 130 1
5 132 1
5 136 1
5 139 1
5 155 1
5 166 1
5 229 1
5 267 1
5 275 1
5 279 1
5 294 1
5 313 1
5 360 1
5 361 1
5 367 1
5 429 1
5 518 1
5 537 1
5 560 1
5 574 1
5 797 1
5 584 1
5 587 1
5 591 1
5 634 1
5 637 1
5 667 1
5 680 1
5 716 1
5 750 1
5 6 1
5 7 1
5 8 1
5 10 1
5 12 1
5 13 1
5 16 1
5 21 1
5 23 1
5 24 1
5 25 1
5 26 1
5 29 1
5 38 1
5 47 1
5 50 1
5 66 1
5 76 1
5 95 1
5 107 1
5 109 1
5 119 1
5 146 1
5 151 1
5 167 1
5 204 1
5 209 1
5 239 1
5 258 1
5 262 1
5 264 1
5 286 1
5 289 1
5 301 1
5 344 1
5 394 1
5 397 1
5 413 1
5 434 1
5 485 1
5 492 1
5 495 1
5 496 1
5 607 1
5 610 1
5 612 1
5 622 1
5 701 1
5 754 1
5 792 1
6 9 1
6 10 1
6 13 1
6 14 1
6 18 1
6 20 1
6 25 1
6 28 1
6 30 1
6 33 1
6 45 1
6 48 1
6 49 1
6 57 1
6 60 1
6 63 1
6 65 1
6 78 1
6 87 1
6 89 1
6 103 1
6 125 1
6 129 1
6 152 1
6 164 1
6 168 1
6 172 1
6 206 1
6 237 1
6 265 1
6 307 1
6 449 1
6 462 1
6 464 1
6 489 1
6 509 1
6 510 1
6 517 1
6 550 1
6 564 1
6 616 1
6 733 1
6 747 1
6 757 1
6 761 1
6 771 1
6 29 1
6 35 1
6 47 1
6 56 1
6 77 1
6 186 1
6 250 1
6 253 1
6 299 1
6 321 1
6 443 1
6 460 1
6 555 1
6 652 1
6 688 1
7 16 1
7 37 1
7 46 1
7 85 1
7 88 1
7 128 1
7 177 1
7 186 1
7 207 1
7 426 1
7 453 1
7 537 1
7 575 1
7 599 1
7 605 1
7 645 1
7 708 1
7 722 1
7 731 1
7 10 1
7 12 1
7 14 1
7 15 1
7 17 1
7 19 1
7 22 1
7 24 1
7 800 1
7 30 1
7 33 1
7 34 1
7 36 1
7 38 1
7 39 1
7 43 1
7 44 1
7 48 1
7 49 1
7 51 1
7 52 1
7 53 1
7 57 1
7 66 1
7 70 1
7 71 1
7 72 1
7 73 1
7 75 1
7 78 1
7 79 1
7 80 1
7 83 1
7 84 1
7 99 1
7 102 1
7 106 1
7 114 1
7 115 1
7 117 1
7 118 1
7 124 1
7 129 1
7 154 1
7 157 1
7 159 1
7 181 1
7 184 1
7 192 1
7 194 1
7 202 1
7 211 1
7 224 1
7 233 1
7 251 1
7 267 1
7 276 1
7 309 1
7 315 1
7 318 1
7 322 1
7 326 1
7 332 1
7 337 1
7 357 1
7 394 1
7 420 1
7 423 1
7 431 1
7 438 1
7 440 1
7 463 1
7 482 1
7 484 1
7 528 1
7 542 1
7 557 1
7 565 1
7 572 1
7 573 1
7 574 1
7 581 1
7 606 1
7 620 1
7 679 1
7 693 1
7 752 1
7 756 1
8 11 1
8 26 1
8 44 1
8 51 1
8 62 1
8 70 1
8 75 1
8 99 1
8 115 1
8 138 1
8 161 1
8 175 1
8 187 1
8 205 1
8 210 1
8 223 1
8 227 1
8 243 1
8 259 1
8 260 1
8 263 1
8 311 1
8 344 1
8 796 1
8 359 1
8 368 1
8 396 1
8 417 1
8 418 1
8 421 1
8 445 1
8 447 1
8 490 1
8 516 1
8 539 1
8 573 1
8 578 1
8 631 1
8 658 1
8 692 1
8 101 1
8 127 1
8 375 1
8 496 1
8 670 1
8 754 1
9 10 1
9 15 1
9 18 1
9 21 1
9 22 1
9 33 1
9 36 1
9 40 1
9 63 1
9 72 1
9 77 1
9 80 1
9 97 1
9 98 1
9 114 1
9 135 1
9 173 1
9 178 1
9 189 1
9 195 1
9 208 1
9 214 1
9 219 1
9 230 1
9 252 1
9 254 1
9 800 1
9 302 1
9 324 1
9 330 1
9 343 1
9 347 1
9 412 1
9 419 1
9 431 1
9 497 1
9 511 1
9 514 1
9 519 1
9 530 1
9 547 1
9 562 1
9 593 1
9 622 1
9 682 1
9 707 1
9 729 1
9 733 1
9 753 1
9 759 1
9 769 1
9 789 1
9 11 1
9 61 1
9 92 1
9 190 1
9 310 1
9 350 1
9 385 1
9 490 1
9 543 1
9 556 1
9 590 1
9 659 1
9 672 1
9 674 1
9 760 1
9 771 1
9 773 1
10 15 1
10 35 1
10 63 1
10 189 1
10 392 1
10 394 1
10 406 1
10 442 1
10 454 1
10 455 1
10 464 1
10 618 1
10 715 1
10 755 1
10 12 1
10 13 1
10 14 1
10 21 1
10 27 1
10 33 1
10 99 1
10 123 1
10 144 1
10 153 1
10 157 1
10 165 1
10 208 1
10 233 1
10 240 1
10 300 1
10 317 1
10 344 1
10 413 1
10 798 1
10 601 1
10 606 1
10 617 1
10 787 1
11 17 1
11 26 1
11 29 1
11 76 1
11 81 1
11 101 1
11 106 1
11 113 1
11 138 1
11 169 1
11 223 1
11 243 1
11 260 1
11 306 1
11 366 1
11 369 1
11 409 1
11 417 1
11 425 1
11 441 1
11 656 1
11 683 1
11 698 1
11 776 1
11 61 1
11 190 1
11 672 1
11 674 1
11 711 1
12 16 1
12 34 1
12 85 1
12 109 1
12 128 1
12 130 1
12 146 1
12 197 1
12 200 1
12 207 1
12 209 1
12 251 1
12 294 1
12 320 1
12 361 1
12 363 1
12 384 1
12 422 1
12 424 1
12 450 1
12 453 1
12 456 1
12 463 1
12 486 1
12 580 1
12 599 1
12 609 1
12 645 1
12 703 1
12 718 1
12 21 1
12 23 1
12 25 1
12 31 1
12 33 1
12 37 1
12 38 1
12 42 1
12 43 1
12 46 1
12 57 1
12 129 1
12 139 1
12 142 1
12 144 1
12 151 1
12 205 1
12 416 1
12 798 1
12 530 1
12 534 1
12 560 1
12 622 1
12 729 1
13 89 1
13 145 1
13 156 1
13 671 1
13 16 1
13 18 1
13 45 1
13 59 1
13 100 1
13 239 1
13 241 1
13 306 1
13 344 1
13 366 1
13 384 1
13 419 1
13 427 1
13 445 1
13 457 1
13 489 1
13 511 1
13 531 1
13 571 1
13 599 1
13 601 1
13 627 1
13 727 1
14 20 1
14 24 1
14 25 1
14 31 1
14 32 1
14 38 1
14 41 1
14 43 1
14 53 1
14 54 1
14 56 1
14 60 1
14 66 1
14 71 1
14 86 1
14 87 1
14 94 1
14 102 1
14 112 1
14 119 1
14 126 1
14 129 1
14 131 1
14 132 1
14 143 1
14 144 1
14 150 1
14 194 1
14 202 1
14 211 1
14 222 1
14 257 1
14 264 1
14 267 1
14 268 1
14 281 1
14 287 1
14 323 1
14 329 1
14 331 1
14 356 1
14 358 1
14 376 1
14 385 1
14 405 1
14 420 1
14 430 1
14 437 1
14 467 1
14 476 1
14 477 1
14 501 1
14 534 1
14 568 1
14 601 1
14 608 1
14 649 1
14 664 1
14 669 1
14 709 1
14 736 1
14 764 1
14 779 1
14 15 1
14 27 1
14 39 1
14 99 1
14 117 1
14 123 1
14 153 1
14 183 1
14 528 1
14 565 1
14 645 1
15 35 1
15 40 1
15 394 1
15 412 1
15 454 1
15 455 1
15 484 1
15 513 1
15 522 1
15 17 1
15 39 1
15 53 1
15 71 1
15 75 1
15 90 1
15 104 1
15 183 1
15 248 1
15 276 1
15 282 1
15 283 1
15 308 1
15 315 1
15 363 1
15 451 1
15 581 1
16 85 1
16 275 1
16 422 1
16 537 1
16 619 1
16 741 1
16 758 1
16 18 1
16 20 1
16 26 1
16 28 1
16 41 1
16 59 1
16 60 1
16 67 1
16 68 1
16 74 1
16 81 1
16 89 1
16 91 1
16 105 1
16 111 1
16 116 1
16 120 1
16 141 1
16 146 1
16 160 1
16 175 1
16 180 1
16 204 1
16 231 1
16 239 1
16 241 1
16 255 1
16 263 1
16 301 1
16 303 1
16 306 1
16 314 1
16 325 1
16 343 1
16 356 1
16 370 1
16 373 1
16 376 1
16 392 1
16 393 1
16 409 1
16 429 1
16 450 1
16 467 1
16 477 1
16 488 1
16 511 1
16 519 1
16 532 1
16 533 1
16 548 1
16 553 1
16 582 1
16 586 1
16 611 1
16 643 1
16 648 1
16 663 1
16 696 1
16 704 1
16 793 1
16 779 1
17 29 1
17 64 1
17 393 1
17 53 1
17 202 1
17 224 1
17 308 1
17 355 1
17 363 1
18 30 1
18 33 1
18 49 1
18 69 1
18 83 1
18 98 1
18 239 1
18 265 1
18 271 1
18 395 1
18 475 1
18 493 1
18 497 1
18 511 1
18 526 1
18 694 1
18 762 1
18 765 1
18 20 1
18 40 1
18 41 1
18 45 1
18 59 1
18 60 1
18 63 1
18 130 1
18 158 1
18 176 1
18 185 1
18 254 1
18 269 1
18 302 1
18 346 1
18 384 1
18 404 1
18 409 1
18 424 1
18 441 1
18 447 1
18 553 1
18 566 1
18 605 1
18 644 1
18 664 1
18 708 1
18 719 1
18 723 1
18 746 1
19 37 1
19 42 1
19 55 1
19 58 1
19 61 1
19 177 1
19 186 1
19 373 1
19 426 1
19 438 1
19 22 1
19 30 1
19 34 1
19 62 1
19 78 1
19 82 1
19 152 1
19 174 1
19 221 1
19 256 1
19 309 1
19 337 1
19 354 1
19 398 1
19 415 1
19 420 1
19 425 1
19 437 1
19 469 1
19 507 1
19 552 1
19 595 1
19 598 1
19 795 1
19 686 1
19 693 1
19 700 1
19 709 1
20 25 1
20 32 1
20 38 1
20 50 1
20 53 1
20 95 1
20 100 1
20 108 1
20 131 1
20 150 1
20 180 1
20 298 1
20 304 1
20 325 1
20 381 1
20 473 1
20 479 1
20 494 1
20 620 1
20 669 1
20 704 1
20 713 1
20 757 1
20 768 1
20 28 1
20 40 1
20 54 1
20 63 1
20 130 1
20 158 1
20 169 1
20 176 1
20 373 1
20 400 1
20 497 1
20 529 1
20 554 1
21 22 1
21 36 1
21 97 1
21 214 1
21 230 1
21 231 1
21 349 1
21 378 1
21 380 1
21 386 1
21 538 1
21 581 1
21 622 1
21 675 1
21 23 1
21 50 1
21 76 1
21 107 1
21 142 1
21 173 1
21 258 1
21 294 1
21 311 1
21 416 1
21 432 1
21 798 1
22 72 1
22 118 1
22 217 1
22 231 1
22 246 1
22 249 1
22 378 1
22 380 1
22 451 1
22 543 1
22 562 1
22 570 1
22 610 1
22 673 1
22 675 1
22 730 1
22 36 1
22 51 1
22 58 1
22 78 1
22 87 1
22 103 1
22 152 1
22 159 1
22 172 1
22 256 1
22 341 1
22 354 1
22 518 1
23 27 1
23 79 1
23 171 1
23 234 1
23 256 1
23 288 1
23 299 1
23 351 1
23 377 1
23 483 1
23 25 1
23 31 1
23 37 1
23 46 1
23 50 1
23 64 1
23 65 1
23 142 1
23 167 1
23 197 1
23 209 1
23 262 1
23 311 1
23 382 1
23 422 1
23 453 1
23 478 1
23 530 1
23 541 1
23 568 1
23 602 1
23 714 1
24 31 1
24 86 1
24 159 1
24 579 1
24 779 1
24 49 1
24 66 1
24 155 1
24 166 1
24 456 1
24 542 1
24 572 1
24 612 1
24 681 1
24 732 1
25 799 1
25 28 1
25 32 1
25 39 1
25 41 1
25 43 1
25 50 1
25 52 1
25 56 1
25 84 1
25 90 1
25 93 1
25 95 1
25 96 1
25 100 1
25 103 1
25 104 1
25 108 1
25 110 1
25 116 1
25 123 1
25 127 1
25 129 1
25 134 1
25 152 1
25 157 1
25 160 1
25 162 1
25 164 1
25 184 1
25 216 1
25 242 1
25 268 1
25 281 1
25 305 1
25 325 1
25 333 1
25 345 1
25 374 1
25 440 1
25 449 1
25 469 1
25 502 1
25 524 1
25 546 1
25 571 1
25 636 1
25 652 1
25 700 1
25 745 1
25 778 1
25 31 1
25 151 1
25 205 1
25 237 1
25 275 1
25 288 1
25 382 1
25 534 1
25 607 1
25 786 1
26 44 1
26 47 1
26 74 1
26 75 1
26 81 1
26 82 1
26 107 1
26 120 1
26 176 1
26 187 1
26 203 1
26 220 1
26 255 1
26 274 1
26 280 1
26 296 1
26 311 1
26 340 1
26 341 1
26 362 1
26 370 1
26 404 1
26 439 1
26 495 1
26 506 1
26 554 1
26 558 1
26 565 1
26 573 1
26 604 1
26 611 1
26 653 1
26 146 1
26 314 1
26 768 1
27 79 1
27 122 1
27 171 1
27 182 1
27 192 1
27 283 1
27 322 1
27 606 1
27 734 1
27 780 1
27 123 1
27 240 1
27 300 1
27 520 1
28 50 1
28 52 1
28 92 1
28 103 1
28 133 1
28 142 1
28 224 1
28 309 1
28 321 1
28 333 1
28 381 1
28 473 1
28 564 1
28 757 1
28 783 1
28 41 1
28 63 1
28 116 1
28 132 1
28 141 1
28 169 1
28 228 1
28 319 1
28 421 1
28 480 1
28 589 1
29 64 1
29 76 1
29 106 1
29 169 1
29 301 1
29 332 1
29 435 1
29 561 1
29 600 1
29 641 1
29 47 1
29 56 1
29 77 1
29 95 1
29 109 1
29 134 1
29 162 1
29 253 1
29 265 1
29 274 1
29 321 1
29 323 1
29 390 1
29 406 1
29 426 1
29 555 1
29 654 1
29 790 1
30 45 1
30 48 1
30 49 1
30 65 1
30 67 1
30 69 1
30 78 1
30 83 1
30 141 1
30 188 1
30 239 1
30 271 1
30 295 1
30 352 1
30 389 1
30 457 1
30 472 1
30 481 1
30 489 1
30 589 1
30 596 1
30 643 1
30 699 1
30 735 1
30 761 1
30 34 1
30 62 1
30 72 1
30 82 1
30 184 1
30 221 1
30 464 1
30 507 1
30 526 1
30 634 1
31 112 1
31 579 1
31 779 1
31 37 1
31 42 1
31 64 1
31 98 1
31 205 1
31 219 1
31 237 1
31 275 1
31 305 1
31 382 1
31 422 1
31 453 1
31 478 1
31 541 1
31 726 1
31 729 1
31 783 1
32 39 1
32 71 1
32 95 1
32 96 1
32 104 1
32 123 1
32 140 1
32 150 1
32 298 1
32 312 1
32 354 1
32 502 1
32 552 1
32 601 1
32 602 1
32 603 1
32 69 1
32 126 1
32 161 1
32 187 1
32 278 1
32 313 1
32 338 1
32 563 1
32 615 1
32 628 1
32 717 1
32 766 1
33 98 1
33 219 1
33 395 1
33 582 1
33 43 1
33 44 1
33 55 1
33 79 1
33 140 1
33 144 1
33 606 1
33 787 1
34 128 1
34 146 1
34 363 1
34 450 1
34 605 1
34 647 1
34 685 1
34 72 1
34 124 1
34 136 1
34 181 1
34 337 1
34 507 1
34 508 1
34 598 1
34 718 1
35 392 1
35 394 1
35 406 1
35 484 1
35 627 1
35 691 1
35 93 1
35 177 1
35 186 1
35 207 1
35 250 1
35 299 1
35 439 1
35 500 1
35 739 1
36 230 1
36 380 1
36 562 1
36 673 1
36 48 1
36 51 1
36 58 1
36 73 1
36 80 1
36 94 1
36 97 1
36 103 1
36 110 1
36 122 1
36 170 1
36 200 1
36 212 1
36 222 1
36 225 1
36 226 1
36 229 1
36 245 1
36 246 1
36 249 1
36 297 1
36 332 1
36 364 1
36 461 1
36 503 1
36 539 1
36 564 1
36 624 1
36 647 1
36 660 1
36 752 1
37 59 1
37 61 1
37 73 1
37 177 1
37 196 1
37 204 1
37 247 1
37 272 1
37 276 1
37 289 1
37 318 1
37 436 1
37 438 1
37 446 1
37 722 1
37 42 1
37 46 1
37 64 1
37 65 1
37 98 1
37 139 1
37 182 1
37 197 1
37 305 1
37 410 1
37 560 1
37 655 1
37 736 1
38 53 1
38 54 1
38 102 1
38 126 1
38 202 1
38 213 1
38 222 1
38 304 1
38 353 1
38 482 1
38 500 1
38 768 1
38 57 1
38 622 1
39 41 1
39 71 1
39 96 1
39 119 1
39 160 1
39 162 1
39 190 1
39 291 1
39 312 1
39 358 1
39 376 1
39 385 1
39 397 1
39 423 1
39 458 1
39 524 1
39 535 1
39 602 1
39 623 1
39 686 1
39 760 1
39 784 1
39 800 1
39 75 1
39 90 1
39 147 1
39 192 1
39 267 1
39 472 1
39 550 1
39 713 1
39 735 1
40 77 1
40 80 1
40 114 1
40 117 1
40 412 1
40 428 1
40 461 1
40 678 1
40 54 1
40 185 1
40 189 1
40 302 1
40 424 1
40 455 1
40 585 1
41 43 1
41 90 1
41 93 1
41 119 1
41 174 1
41 190 1
41 257 1
41 287 1
41 465 1
41 501 1
41 507 1
41 524 1
41 590 1
41 636 1
41 116 1
41 132 1
41 231 1
41 392 1
41 532 1
41 553 1
41 665 1
42 58 1
42 61 1
42 111 1
42 318 1
42 373 1
42 402 1
42 446 1
42 607 1
42 788 1
42 139 1
42 182 1
42 213 1
42 260 1
42 410 1
42 516 1
42 758 1
42 784 1
43 56 1
43 66 1
43 90 1
43 94 1
43 134 1
43 148 1
43 149 1
43 153 1
43 174 1
43 211 1
43 257 1
43 270 1
43 285 1
43 328 1
43 465 1
43 467 1
43 469 1
43 527 1
43 544 1
43 590 1
43 705 1
43 44 1
43 84 1
43 131 1
43 178 1
43 462 1
44 47 1
44 62 1
44 74 1
44 75 1
44 120 1
44 203 1
44 220 1
44 793 1
44 255 1
44 259 1
44 297 1
44 339 1
44 340 1
44 341 1
44 370 1
44 470 1
44 532 1
44 658 1
44 55 1
44 79 1
44 83 1
44 84 1
44 106 1
44 121 1
44 131 1
44 140 1
44 178 1
44 211 1
44 215 1
44 242 1
44 334 1
44 462 1
44 557 1
44 776 1
44 777 1
45 48 1
45 168 1
45 389 1
45 432 1
45 660 1
45 661 1
45 663 1
45 732 1
45 767 1
45 100 1
45 609 1
45 632 1
46 59 1
46 73 1
46 88 1
46 121 1
46 136 1
46 185 1
46 204 1
46 212 1
46 218 1
46 225 1
46 229 1
46 232 1
46 244 1
46 253 1
46 261 1
46 284 1
46 286 1
46 289 1
46 300 1
46 434 1
46 508 1
46 528 1
46 540 1
46 575 1
46 637 1
46 701 1
46 716 1
46 748 1
46 65 1
46 530 1
46 714 1
47 74 1
47 82 1
47 176 1
47 240 1
47 339 1
47 439 1
47 77 1
47 95 1
47 162 1
47 265 1
47 286 1
47 443 1
47 485 1
47 513 1
47 688 1
48 78 1
48 125 1
48 141 1
48 228 1
48 237 1
48 517 1
48 576 1
48 70 1
48 73 1
48 85 1
48 102 1
48 112 1
48 143 1
48 170 1
48 193 1
48 199 1
48 203 1
48 229 1
48 257 1
48 318 1
48 360 1
48 365 1
48 377 1
48 433 1
48 483 1
48 564 1
49 65 1
49 67 1
49 265 1
49 271 1
49 472 1
49 475 1
49 481 1
49 550 1
49 569 1
49 617 1
49 747 1
49 762 1
49 52 1
49 118 1
49 155 1
49 166 1
49 194 1
49 223 1
49 418 1
49 463 1
49 504 1
49 561 1
49 616 1
49 621 1
49 636 1
49 772 1
50 52 1
50 84 1
50 92 1
50 100 1
50 293 1
50 381 1
50 479 1
50 597 1
50 76 1
50 167 1
50 264 1
50 311 1
50 380 1
50 397 1
50 568 1
51 70 1
51 99 1
51 161 1
51 175 1
51 198 1
51 336 1
51 785 1
51 58 1
51 87 1
51 88 1
51 94 1
51 96 1
51 97 1
51 159 1
51 172 1
51 188 1
51 191 1
51 195 1
51 277 1
51 291 1
51 312 1
51 341 1
51 359 1
51 364 1
51 381 1
51 430 1
51 438 1
51 540 1
51 551 1
51 633 1
51 799 1
51 668 1
51 710 1
51 730 1
51 749 1
51 752 1
51 781 1
52 84 1
52 92 1
52 133 1
52 137 1
52 142 1
52 163 1
52 224 1
52 278 1
52 293 1
52 309 1
52 333 1
52 337 1
52 350 1
52 588 1
52 778 1
52 118 1
52 223 1
52 504 1
53 54 1
53 131 1
53 143 1
53 180 1
53 181 1
53 407 1
53 408 1
53 480 1
53 482 1
53 768 1
53 71 1
53 104 1
53 148 1
53 283 1
53 285 1
54 102 1
54 482 1
54 400 1
55 68 1
55 166 1
55 167 1
55 657 1
55 689 1
55 739 1
55 140 1
55 178 1
55 334 1
56 66 1
56 148 1
56 194 1
56 281 1
56 328 1
56 356 1
56 364 1
56 416 1
56 469 1
56 608 1
56 613 1
56 664 1
56 700 1
56 737 1
56 253 1
56 274 1
57 129 1
57 251 1
57 329 1
57 527 1
57 619 1
58 111 1
58 373 1
58 402 1
58 788 1
58 87 1
58 88 1
58 94 1
58 96 1
58 103 1
58 110 1
58 113 1
58 179 1
58 191 1
58 195 1
58 210 1
58 222 1
58 238 1
58 252 1
58 284 1
58 291 1
58 342 1
58 348 1
58 408 1
58 430 1
58 518 1
58 575 1
58 597 1
58 635 1
58 661 1
58 687 1
58 698 1
58 774 1
59 73 1
59 136 1
59 196 1
59 218 1
59 226 1
59 261 1
59 272 1
59 313 1
59 335 1
59 436 1
59 711 1
59 60 1
59 67 1
59 68 1
59 108 1
59 128 1
59 133 1
59 171 1
59 241 1
59 243 1
59 266 1
59 270 1
59 273 1
59 330 1
59 331 1
59 343 1
59 366 1
59 384 1
59 388 1
59 389 1
59 396 1
59 441 1
59 450 1
59 476 1
59 571 1
59 712 1
59 727 1
59 750 1
60 87 1
60 132 1
60 797 1
60 437 1
60 560 1
60 591 1
60 595 1
60 750 1
60 67 1
60 108 1
60 128 1
60 133 1
60 145 1
60 270 1
60 273 1
60 330 1
60 336 1
60 349 1
60 409 1
60 441 1
60 535 1
60 605 1
60 637 1
60 677 1
60 738 1
61 318 1
61 607 1
61 92 1
61 659 1
61 674 1
61 775 1
62 115 1
62 205 1
62 210 1
62 314 1
62 344 1
62 411 1
62 82 1
62 415 1
62 584 1
63 189 1
63 431 1
63 442 1
63 448 1
63 464 1
63 682 1
63 690 1
63 733 1
63 771 1
63 130 1
63 169 1
63 254 1
63 319 1
63 404 1
63 421 1
63 566 1
63 664 1
64 301 1
64 98 1
64 219 1
64 453 1
64 736 1
65 67 1
65 352 1
65 489 1
65 617 1
65 747 1
65 197 1
66 94 1
66 148 1
66 149 1
66 153 1
66 194 1
66 245 1
66 264 1
66 270 1
66 277 1
66 290 1
66 329 1
66 371 1
66 466 1
66 477 1
66 503 1
66 531 1
66 544 1
66 725 1
66 394 1
66 542 1
66 681 1
67 798 1
67 352 1
67 472 1
67 596 1
67 617 1
67 643 1
67 770 1
67 68 1
67 74 1
67 89 1
67 91 1
67 108 1
67 160 1
67 171 1
67 175 1
67 180 1
67 243 1
67 266 1
67 279 1
67 316 1
67 335 1
67 378 1
67 383 1
67 414 1
67 692 1
67 779 1
68 91 1
68 105 1
68 166 1
68 221 1
68 460 1
68 689 1
68 74 1
68 81 1
68 86 1
68 111 1
68 164 1
68 171 1
68 261 1
68 272 1
68 279 1
68 320 1
68 343 1
68 370 1
68 393 1
68 396 1
68 446 1
68 580 1
68 582 1
68 613 1
68 623 1
68 626 1
68 692 1
68 720 1
68 725 1
68 759 1
69 83 1
69 188 1
69 295 1
69 427 1
69 457 1
69 493 1
69 589 1
69 126 1
69 161 1
69 247 1
69 304 1
69 470 1
69 515 1
69 545 1
69 563 1
70 99 1
70 198 1
70 359 1
70 368 1
70 447 1
70 452 1
70 559 1
70 752 1
70 785 1
70 85 1
70 112 1
70 199 1
70 318 1
70 509 1
71 312 1
71 376 1
71 104 1
71 148 1
71 276 1
71 282 1
72 118 1
72 135 1
72 217 1
72 233 1
72 248 1
72 252 1
72 266 1
72 759 1
72 124 1
72 136 1
73 196 1
73 204 1
73 247 1
73 253 1
73 261 1
73 315 1
73 754 1
73 80 1
73 102 1
73 114 1
73 115 1
73 122 1
73 125 1
73 135 1
73 150 1
73 203 1
73 206 1
73 229 1
73 245 1
73 257 1
73 280 1
73 362 1
73 391 1
73 484 1
73 521 1
73 650 1
73 724 1
74 82 1
74 107 1
74 120 1
74 191 1
74 238 1
74 274 1
74 297 1
74 339 1
74 399 1
74 470 1
74 520 1
74 557 1
74 577 1
74 583 1
74 629 1
74 688 1
74 728 1
74 772 1
74 81 1
74 86 1
74 89 1
74 105 1
74 138 1
74 303 1
74 383 1
74 548 1
75 187 1
75 203 1
75 227 1
75 259 1
75 282 1
75 653 1
75 90 1
75 147 1
75 192 1
75 472 1
76 106 1
76 113 1
76 488 1
76 567 1
76 655 1
76 656 1
76 107 1
76 173 1
76 397 1
77 80 1
77 117 1
77 165 1
77 178 1
77 208 1
77 419 1
77 461 1
77 729 1
77 162 1
77 443 1
77 555 1
78 125 1
78 141 1
78 206 1
78 228 1
78 236 1
78 326 1
78 365 1
78 433 1
78 572 1
78 592 1
78 625 1
78 642 1
78 717 1
78 735 1
78 787 1
78 152 1
78 309 1
78 423 1
78 437 1
78 479 1
78 524 1
78 552 1
79 182 1
79 192 1
79 283 1
79 529 1
79 83 1
79 242 1
80 117 1
80 165 1
80 173 1
80 183 1
80 195 1
80 208 1
80 215 1
80 330 1
80 414 1
80 428 1
80 514 1
80 794 1
80 594 1
80 114 1
80 122 1
80 125 1
80 150 1
80 206 1
80 212 1
80 332 1
80 362 1
80 465 1
80 521 1
80 539 1
81 604 1
81 626 1
81 86 1
81 105 1
81 111 1
81 138 1
81 164 1
81 287 1
81 320 1
81 395 1
82 107 1
82 176 1
82 191 1
82 238 1
82 240 1
82 303 1
82 399 1
82 491 1
82 553 1
82 556 1
82 221 1
82 415 1
82 425 1
82 584 1
82 634 1
82 731 1
83 239 1
83 295 1
83 242 1
84 778 1
84 106 1
84 121 1
84 131 1
84 154 1
84 156 1
84 220 1
84 431 1
84 569 1
85 207 1
85 112 1
85 143 1
85 509 1
85 745 1
86 267 1
86 138 1
86 287 1
86 320 1
86 395 1
87 88 1
87 113 1
87 172 1
87 196 1
87 799 1
87 551 1
87 633 1
87 703 1
87 730 1
87 749 1
87 774 1
88 121 1
88 185 1
88 300 1
88 634 1
88 701 1
88 96 1
88 113 1
88 179 1
88 196 1
88 198 1
88 210 1
88 232 1
88 244 1
88 412 1
88 551 1
88 669 1
88 703 1
89 145 1
89 235 1
89 671 1
89 91 1
89 120 1
89 137 1
89 255 1
89 263 1
89 376 1
89 383 1
89 696 1
90 93 1
90 134 1
90 174 1
90 242 1
90 507 1
90 147 1
91 105 1
91 139 1
91 147 1
91 170 1
91 241 1
91 360 1
91 460 1
91 712 1
91 120 1
91 137 1
91 160 1
91 201 1
91 335 1
91 642 1
92 133 1
92 137 1
92 293 1
92 659 1
92 775 1
93 242 1
93 507 1
93 177 1
93 207 1
93 218 1
93 259 1
93 401 1
93 500 1
94 149 1
94 211 1
94 264 1
94 285 1
94 371 1
94 375 1
94 531 1
94 749 1
94 97 1
94 188 1
94 195 1
94 222 1
94 225 1
94 238 1
94 277 1
94 284 1
94 290 1
94 293 1
94 296 1
94 347 1
94 358 1
94 372 1
94 381 1
94 403 1
94 405 1
94 411 1
94 428 1
94 435 1
94 452 1
94 473 1
94 475 1
94 493 1
94 592 1
94 668 1
94 691 1
94 706 1
94 781 1
95 108 1
95 116 1
95 124 1
95 151 1
95 184 1
95 502 1
95 541 1
95 542 1
95 286 1
96 104 1
96 110 1
96 160 1
96 193 1
96 345 1
96 415 1
96 652 1
96 191 1
96 198 1
96 244 1
96 252 1
96 292 1
96 374 1
96 522 1
96 558 1
96 653 1
97 214 1
97 347 1
97 538 1
97 581 1
97 188 1
97 226 1
97 290 1
97 293 1
97 312 1
97 364 1
97 458 1
97 461 1
97 702 1
97 765 1
97 789 1
98 395 1
98 497 1
98 582 1
98 593 1
98 800 1
98 693 1
98 726 1
98 219 1
98 305 1
98 736 1
99 175 1
99 198 1
99 336 1
99 359 1
99 752 1
99 117 1
99 157 1
99 657 1
99 679 1
100 419 1
100 531 1
100 609 1
100 632 1
101 138 1
101 263 1
101 366 1
101 425 1
101 795 1
101 521 1
101 127 1
101 168 1
101 217 1
101 227 1
101 234 1
101 271 1
101 468 1
101 486 1
101 670 1
101 728 1
101 742 1
101 769 1
102 126 1
102 144 1
102 213 1
102 258 1
102 323 1
102 387 1
102 549 1
102 614 1
102 668 1
102 203 1
102 360 1
103 172 1
103 449 1
103 745 1
103 783 1
103 110 1
103 249 1
103 297 1
103 518 1
103 658 1
103 687 1
104 110 1
104 123 1
104 127 1
104 140 1
104 179 1
104 193 1
104 327 1
104 338 1
104 374 1
104 487 1
104 548 1
104 552 1
104 571 1
104 612 1
104 148 1
104 282 1
104 283 1
104 285 1
105 360 1
105 460 1
105 712 1
105 303 1
106 113 1
106 169 1
106 332 1
106 409 1
106 488 1
106 567 1
106 683 1
106 698 1
106 776 1
106 121 1
106 154 1
106 156 1
106 211 1
106 215 1
106 220 1
106 326 1
106 715 1
106 777 1
107 191 1
107 274 1
107 520 1
107 553 1
107 611 1
107 629 1
107 702 1
107 173 1
107 258 1
107 294 1
107 339 1
107 471 1
108 116 1
108 124 1
108 325 1
108 128 1
108 145 1
108 243 1
108 388 1
108 389 1
108 535 1
109 130 1
109 197 1
109 251 1
109 456 1
109 486 1
109 525 1
109 119 1
109 134 1
109 235 1
109 426 1
109 654 1
109 684 1
109 701 1
110 193 1
110 327 1
110 345 1
110 374 1
110 415 1
110 440 1
110 548 1
110 566 1
110 249 1
110 687 1
111 788 1
111 164 1
111 261 1
111 370 1
111 446 1
111 477 1
111 488 1
111 759 1
112 331 1
112 649 1
112 674 1
112 199 1
113 488 1
113 655 1
113 656 1
113 698 1
113 179 1
113 196 1
113 408 1
113 597 1
113 669 1
113 774 1
114 173 1
114 183 1
114 201 1
114 215 1
114 250 1
114 273 1
114 428 1
114 678 1
114 115 1
114 125 1
114 135 1
114 149 1
114 280 1
114 387 1
114 618 1
115 205 1
115 314 1
115 411 1
115 445 1
115 578 1
115 775 1
115 135 1
115 149 1
115 216 1
115 298 1
115 353 1
115 367 1
115 391 1
115 449 1
115 484 1
115 573 1
115 583 1
115 594 1
115 618 1
115 650 1
116 124 1
116 151 1
116 305 1
116 541 1
116 542 1
116 132 1
116 141 1
116 228 1
116 231 1
116 448 1
116 467 1
116 480 1
116 498 1
116 586 1
116 675 1
116 755 1
117 165 1
117 414 1
117 461 1
118 217 1
118 248 1
118 390 1
118 570 1
118 740 1
118 782 1
118 194 1
118 223 1
118 561 1
119 190 1
119 287 1
119 358 1
119 397 1
119 163 1
119 684 1
119 701 1
119 792 1
120 220 1
120 297 1
120 558 1
120 577 1
120 137 1
120 201 1
120 255 1
120 642 1
120 663 1
120 699 1
121 185 1
121 212 1
121 232 1
121 244 1
121 346 1
121 512 1
121 634 1
121 666 1
121 672 1
121 676 1
121 156 1
121 777 1
122 154 1
122 199 1
122 372 1
122 391 1
122 734 1
122 150 1
122 212 1
122 245 1
122 465 1
123 127 1
123 140 1
123 179 1
123 153 1
123 165 1
123 208 1
123 230 1
123 240 1
123 268 1
123 579 1
123 761 1
124 542 1
124 136 1
124 181 1
124 508 1
125 206 1
125 237 1
125 572 1
125 576 1
125 280 1
125 521 1
126 144 1
126 213 1
126 258 1
126 387 1
126 405 1
126 549 1
126 614 1
126 659 1
126 161 1
126 313 1
126 333 1
126 470 1
126 515 1
126 562 1
126 615 1
126 640 1
127 799 1
127 571 1
127 612 1
127 168 1
127 402 1
128 146 1
128 320 1
128 133 1
128 145 1
128 331 1
128 388 1
128 399 1
129 152 1
129 157 1
129 158 1
129 268 1
129 307 1
129 546 1
129 633 1
129 687 1
129 251 1
129 322 1
129 329 1
129 506 1
129 527 1
129 549 1
129 603 1
129 619 1
129 678 1
130 251 1
130 158 1
130 254 1
130 497 1
130 746 1
131 143 1
131 180 1
131 181 1
131 420 1
131 430 1
131 480 1
131 494 1
131 555 1
131 774 1
132 437 1
132 560 1
132 595 1
132 228 1
132 448 1
132 498 1
132 525 1
132 593 1
132 675 1
133 137 1
133 142 1
133 163 1
133 278 1
133 321 1
133 499 1
133 270 1
133 331 1
133 399 1
133 476 1
133 676 1
133 794 1
134 235 1
134 340 1
134 406 1
134 426 1
134 442 1
134 491 1
134 656 1
135 233 1
135 252 1
135 319 1
135 149 1
135 216 1
135 298 1
135 387 1
135 391 1
136 218 1
136 226 1
136 229 1
136 284 1
136 313 1
136 367 1
136 403 1
136 654 1
136 786 1
137 163 1
137 588 1
137 201 1
137 699 1
138 223 1
138 263 1
138 306 1
138 334 1
138 366 1
138 287 1
139 147 1
139 182 1
139 213 1
139 260 1
139 516 1
139 523 1
139 560 1
140 179 1
140 354 1
140 552 1
140 334 1
141 228 1
141 236 1
141 326 1
141 433 1
141 625 1
141 735 1
141 467 1
142 224 1
142 278 1
142 321 1
142 337 1
142 350 1
142 499 1
142 416 1
143 181 1
143 407 1
143 420 1
143 774 1
143 365 1
143 379 1
143 596 1
143 751 1
144 258 1
144 323 1
144 405 1
144 659 1
144 668 1
144 681 1
144 714 1
145 156 1
145 235 1
145 671 1
145 766 1
145 535 1
145 677 1
145 682 1
146 320 1
146 204 1
146 289 1
146 356 1
146 386 1
146 519 1
146 689 1
147 170 1
147 241 1
147 523 1
147 635 1
148 328 1
148 364 1
148 504 1
148 285 1
149 153 1
149 245 1
149 285 1
149 375 1
149 216 1
149 387 1
149 449 1
149 481 1
149 546 1
149 618 1
150 298 1
150 601 1
150 669 1
150 713 1
150 206 1
151 184 1
151 305 1
151 541 1
151 534 1
151 607 1
152 157 1
152 158 1
152 164 1
152 216 1
152 262 1
152 307 1
152 496 1
152 509 1
152 646 1
152 687 1
152 256 1
152 437 1
152 524 1
153 245 1
153 270 1
153 277 1
153 290 1
153 317 1
153 503 1
153 665 1
153 725 1
153 761 1
154 199 1
154 308 1
154 372 1
154 391 1
154 791 1
154 326 1
154 431 1
154 440 1
154 614 1
155 159 1
155 279 1
155 400 1
155 471 1
155 478 1
155 166 1
155 418 1
155 456 1
155 732 1
155 788 1
156 220 1
156 569 1
156 705 1
156 715 1
157 158 1
157 262 1
157 379 1
157 398 1
157 633 1
157 684 1
157 233 1
157 357 1
157 517 1
157 657 1
158 262 1
158 357 1
158 398 1
158 496 1
158 633 1
158 646 1
158 176 1
158 269 1
158 281 1
158 295 1
158 497 1
158 505 1
158 529 1
158 538 1
158 554 1
158 576 1
158 638 1
158 673 1
158 695 1
158 721 1
158 762 1
159 400 1
159 478 1
159 743 1
159 341 1
159 438 1
159 710 1
160 162 1
160 291 1
160 535 1
160 652 1
160 175 1
160 316 1
160 325 1
160 335 1
160 378 1
160 414 1
161 710 1
162 291 1
162 458 1
162 623 1
162 265 1
162 513 1
163 588 1
163 684 1
164 216 1
164 261 1
164 272 1
164 369 1
164 725 1
165 414 1
165 208 1
165 230 1
165 317 1
165 345 1
165 459 1
165 617 1
165 761 1
166 167 1
166 429 1
166 584 1
166 657 1
166 689 1
166 739 1
166 732 1
167 429 1
167 657 1
167 209 1
167 264 1
167 380 1
167 568 1
168 510 1
168 227 1
168 236 1
168 368 1
168 402 1
169 332 1
169 409 1
169 319 1
170 241 1
170 523 1
170 635 1
170 650 1
170 193 1
170 200 1
170 214 1
170 246 1
170 324 1
170 377 1
170 536 1
170 647 1
170 660 1
170 683 1
170 697 1
171 234 1
171 382 1
171 533 1
171 279 1
171 613 1
171 623 1
172 462 1
172 783 1
172 730 1
173 183 1
173 195 1
173 201 1
174 465 1
174 527 1
174 398 1
174 407 1
174 686 1
174 722 1
175 180 1
175 316 1
175 325 1
176 240 1
176 269 1
176 281 1
176 346 1
176 529 1
176 576 1
176 625 1
176 644 1
176 694 1
177 426 1
177 438 1
177 722 1
177 218 1
177 439 1
177 466 1
178 324 1
178 343 1
178 410 1
178 468 1
178 519 1
178 586 1
178 628 1
178 670 1
178 729 1
178 462 1
179 210 1
179 232 1
179 408 1
179 575 1
179 669 1
180 494 1
180 555 1
181 407 1
181 408 1
181 480 1
181 774 1
181 508 1
181 718 1
182 192 1
182 529 1
182 606 1
182 780 1
182 790 1
182 213 1
182 410 1
182 655 1
182 758 1
183 201 1
183 215 1
183 250 1
183 273 1
183 794 1
183 248 1
183 328 1
183 645 1
183 791 1
184 464 1
185 212 1
185 300 1
185 346 1
185 189 1
185 302 1
185 447 1
185 585 1
185 708 1
186 299 1
186 460 1
186 652 1
187 227 1
187 282 1
187 292 1
187 311 1
187 316 1
187 355 1
187 396 1
187 418 1
187 485 1
187 545 1
187 648 1
187 653 1
187 278 1
187 338 1
187 487 1
187 628 1
187 763 1
188 427 1
188 457 1
188 277 1
188 290 1
188 312 1
188 358 1
188 359 1
188 411 1
188 474 1
188 570 1
188 690 1
188 748 1
189 431 1
189 442 1
189 448 1
189 715 1
189 755 1
189 585 1
190 672 1
191 238 1
191 303 1
191 310 1
191 342 1
191 520 1
191 553 1
191 557 1
191 688 1
191 702 1
191 721 1
191 781 1
191 430 1
191 540 1
192 283 1
192 322 1
192 606 1
192 790 1
192 267 1
192 472 1
192 550 1
192 713 1
192 735 1
193 327 1
193 338 1
193 377 1
193 433 1
193 483 1
193 501 1
193 536 1
193 537 1
193 588 1
194 329 1
194 416 1
194 466 1
194 474 1
194 651 1
194 463 1
194 636 1
194 772 1
195 238 1
195 291 1
195 342 1
195 381 1
195 452 1
195 473 1
195 475 1
195 493 1
195 502 1
195 629 1
195 698 1
195 747 1
196 272 1
196 276 1
197 200 1
197 209 1
197 269 1
197 384 1
197 456 1
197 459 1
197 525 1
197 718 1
198 336 1
198 752 1
198 785 1
198 244 1
198 252 1
198 292 1
198 374 1
198 412 1
198 558 1
198 635 1
198 651 1
198 757 1
199 372 1
200 209 1
200 269 1
200 348 1
200 580 1
200 609 1
200 214 1
200 246 1
200 324 1
200 503 1
201 250 1
201 642 1
201 699 1
202 222 1
202 353 1
202 476 1
202 500 1
202 764 1
202 224 1
202 482 1
202 620 1
203 340 1
203 404 1
203 532 1
203 773 1
203 792 1
203 360 1
204 225 1
204 247 1
204 253 1
204 315 1
204 528 1
204 630 1
204 289 1
204 301 1
204 356 1
204 386 1
204 793 1
204 495 1
204 689 1
205 210 1
205 314 1
205 445 1
205 516 1
205 237 1
205 729 1
205 786 1
206 572 1
206 642 1
206 717 1
206 362 1
207 453 1
207 500 1
208 330 1
208 419 1
208 796 1
208 230 1
208 268 1
208 317 1
208 345 1
208 417 1
208 459 1
208 512 1
208 579 1
209 269 1
209 348 1
209 384 1
209 459 1
209 609 1
209 662 1
209 697 1
209 703 1
209 262 1
209 434 1
209 492 1
210 344 1
210 516 1
210 539 1
210 232 1
211 215 1
211 557 1
211 574 1
211 776 1
212 232 1
212 346 1
212 508 1
212 512 1
212 666 1
212 676 1
212 465 1
213 387 1
213 260 1
213 523 1
213 630 1
213 758 1
213 784 1
214 254 1
214 302 1
214 347 1
214 789 1
214 324 1
214 683 1
214 697 1
215 273 1
215 794 1
216 298 1
216 353 1
216 449 1
216 481 1
216 546 1
216 594 1
217 248 1
217 266 1
217 390 1
217 570 1
217 740 1
217 234 1
217 468 1
217 559 1
217 567 1
217 608 1
218 226 1
218 284 1
218 335 1
218 403 1
218 615 1
218 654 1
218 786 1
219 582 1
219 693 1
220 255 1
220 296 1
220 388 1
220 558 1
220 569 1
220 705 1
220 715 1
221 634 1
222 225 1
222 284 1
222 296 1
222 307 1
222 347 1
222 348 1
222 352 1
222 371 1
222 403 1
222 405 1
222 547 1
222 592 1
222 780 1
223 243 1
223 306 1
223 334 1
223 504 1
223 561 1
223 616 1
223 621 1
224 309 1
224 337 1
224 620 1
225 289 1
225 296 1
225 307 1
225 372 1
225 662 1
226 335 1
226 403 1
226 615 1
227 796 1
227 282 1
227 292 1
227 316 1
227 355 1
227 396 1
227 443 1
227 485 1
227 692 1
227 236 1
228 236 1
228 592 1
228 448 1
228 593 1
228 755 1
229 286 1
229 367 1
229 257 1
229 564 1
229 604 1
230 622 1
230 707 1
230 769 1
230 268 1
230 459 1
231 246 1
231 249 1
231 378 1
231 383 1
231 386 1
231 451 1
231 492 1
231 536 1
231 543 1
231 551 1
231 598 1
231 639 1
231 392 1
232 244 1
232 508 1
232 540 1
232 585 1
233 319 1
233 505 1
233 357 1
233 517 1
234 256 1
234 382 1
234 401 1
234 271 1
235 766 1
235 340 1
236 326 1
236 365 1
236 592 1
236 368 1
237 517 1
237 576 1
237 275 1
237 288 1
237 327 1
237 786 1
238 303 1
238 310 1
238 399 1
238 413 1
238 491 1
238 498 1
238 772 1
238 475 1
238 629 1
238 698 1
239 306 1
240 300 1
240 520 1
241 523 1
241 650 1
241 366 1
241 750 1
243 260 1
243 369 1
243 266 1
244 412 1
244 651 1
245 290 1
246 249 1
246 383 1
246 492 1
246 536 1
246 610 1
246 720 1
246 503 1
246 647 1
247 315 1
247 754 1
247 304 1
248 266 1
248 390 1
248 727 1
248 328 1
248 791 1
249 383 1
249 451 1
249 551 1
249 598 1
249 639 1
249 297 1
249 624 1
249 658 1
250 739 1
251 486 1
251 322 1
251 329 1
251 506 1
251 549 1
251 603 1
251 678 1
251 740 1
252 759 1
252 292 1
252 522 1
252 578 1
252 635 1
252 770 1
253 528 1
253 630 1
253 274 1
253 321 1
253 323 1
253 499 1
253 790 1
254 302 1
254 530 1
254 404 1
254 719 1
254 723 1
254 746 1
255 296 1
255 341 1
255 362 1
255 388 1
255 495 1
255 723 1
255 793 1
255 263 1
255 533 1
255 663 1
256 288 1
256 299 1
256 724 1
257 467 1
257 534 1
257 705 1
257 604 1
257 724 1
258 614 1
258 294 1
258 339 1
258 432 1
259 658 1
259 401 1
259 680 1
260 369 1
260 417 1
260 441 1
260 696 1
260 516 1
260 523 1
260 630 1
261 272 1
261 369 1
261 580 1
262 379 1
262 496 1
262 434 1
263 376 1
263 533 1
264 371 1
264 749 1
264 380 1
265 550 1
265 762 1
265 765 1
265 513 1
267 550 1
268 546 1
268 579 1
269 348 1
269 697 1
269 281 1
269 295 1
269 346 1
269 436 1
269 444 1
269 454 1
269 505 1
269 538 1
269 625 1
269 671 1
270 277 1
270 317 1
270 515 1
270 544 1
270 273 1
270 349 1
270 351 1
270 738 1
271 475 1
271 481 1
271 526 1
271 569 1
271 640 1
271 694 1
271 486 1
271 733 1
272 276 1
272 436 1
272 711 1
272 746 1
272 369 1
272 580 1
272 626 1
272 725 1
273 330 1
273 336 1
273 349 1
273 351 1
273 743 1
274 611 1
274 629 1
274 790 1
275 294 1
275 422 1
275 619 1
275 288 1
275 327 1
275 667 1
276 315 1
277 317 1
277 515 1
277 665 1
277 763 1
277 411 1
277 668 1
277 706 1
277 748 1
278 350 1
278 499 1
278 338 1
278 487 1
279 471 1
279 613 1
279 692 1
280 604 1
280 626 1
281 608 1
281 295 1
281 444 1
281 625 1
281 671 1
281 673 1
281 694 1
282 292 1
282 545 1
283 322 1
284 348 1
284 352 1
284 661 1
285 375 1
286 434 1
286 667 1
286 679 1
286 748 1
286 485 1
287 501 1
287 395 1
288 299 1
288 351 1
288 724 1
288 327 1
289 386 1
289 495 1
289 610 1
290 503 1
290 293 1
290 358 1
290 435 1
290 458 1
290 474 1
290 649 1
290 691 1
290 702 1
291 458 1
291 535 1
291 342 1
292 316 1
292 443 1
292 545 1
292 374 1
292 522 1
292 578 1
292 653 1
292 770 1
293 435 1
293 458 1
293 649 1
294 361 1
294 339 1
294 432 1
294 471 1
295 589 1
295 699 1
295 436 1
295 444 1
295 454 1
295 673 1
295 716 1
296 362 1
296 388 1
296 506 1
296 565 1
296 723 1
296 307 1
296 347 1
296 371 1
296 372 1
296 547 1
296 600 1
296 662 1
297 470 1
297 577 1
297 728 1
297 624 1
297 658 1
298 713 1
298 353 1
298 367 1
298 544 1
298 583 1
298 744 1
299 351 1
299 724 1
300 701 1
300 520 1
301 435 1
301 641 1
302 530 1
302 789 1
302 424 1
302 455 1
303 310 1
303 342 1
303 413 1
303 491 1
303 498 1
303 556 1
303 563 1
303 738 1
303 751 1
303 548 1
304 545 1
306 334 1
306 511 1
306 627 1
306 707 1
307 509 1
307 616 1
307 687 1
308 791 1
308 355 1
308 361 1
308 363 1
308 451 1
308 631 1
309 420 1
309 423 1
309 479 1
309 595 1
310 342 1
310 413 1
310 738 1
310 350 1
310 685 1
310 753 1
311 573 1
312 602 1
312 784 1
312 359 1
312 690 1
313 333 1
313 615 1
314 643 1
314 768 1
315 754 1
315 581 1
316 355 1
316 443 1
316 378 1
317 515 1
317 665 1
317 763 1
317 345 1
317 417 1
317 617 1
318 446 1
318 607 1
319 505 1
319 421 1
319 589 1
321 323 1
321 390 1
321 499 1
321 510 1
321 639 1
322 549 1
322 740 1
323 668 1
323 681 1
323 695 1
323 390 1
323 499 1
323 510 1
323 639 1
323 646 1
324 343 1
324 410 1
324 468 1
324 586 1
324 706 1
324 683 1
326 365 1
326 433 1
327 338 1
327 487 1
327 548 1
327 667 1
328 364 1
328 504 1
328 644 1
328 791 1
329 466 1
329 477 1
329 506 1
329 527 1
330 514 1
330 547 1
330 594 1
330 621 1
330 677 1
330 336 1
330 743 1
331 649 1
331 674 1
331 777 1
331 399 1
331 476 1
331 794 1
331 676 1
332 561 1
332 600 1
332 539 1
336 743 1
338 487 1
338 628 1
339 471 1
340 370 1
340 404 1
340 532 1
340 773 1
340 442 1
341 793 1
342 738 1
343 519 1
343 586 1
343 706 1
343 393 1
343 396 1
343 450 1
343 712 1
344 413 1
345 415 1
345 566 1
345 719 1
345 417 1
345 796 1
345 512 1
345 782 1
346 512 1
346 644 1
347 371 1
347 403 1
348 697 1
348 352 1
348 661 1
348 780 1
349 351 1
349 738 1
350 543 1
350 590 1
350 685 1
352 643 1
352 770 1
352 780 1
353 500 1
353 367 1
353 544 1
353 594 1
354 795 1
354 709 1
355 361 1
356 416 1
356 474 1
356 651 1
356 737 1
356 793 1
356 519 1
356 689 1
357 379 1
357 398 1
357 684 1
357 517 1
358 385 1
358 397 1
358 423 1
358 568 1
358 624 1
358 686 1
358 474 1
358 570 1
358 577 1
359 368 1
359 421 1
359 452 1
359 490 1
359 559 1
359 690 1
361 631 1
362 495 1
362 506 1
362 554 1
363 424 1
363 450 1
363 463 1
363 632 1
363 647 1
364 504 1
364 613 1
364 644 1
364 461 1
364 765 1
365 379 1
365 596 1
365 741 1
366 571 1
366 599 1
366 750 1
367 544 1
367 583 1
367 744 1
368 421 1
368 447 1
368 452 1
368 631 1
369 441 1
369 696 1
370 477 1
370 582 1
371 531 1
371 749 1
371 547 1
371 600 1
371 641 1
371 797 1
372 662 1
373 402 1
374 440 1
374 558 1
374 653 1
374 757 1
375 496 1
376 696 1
377 444 1
377 638 1
377 433 1
377 501 1
378 386 1
378 543 1
378 675 1
378 414 1
379 596 1
379 741 1
379 751 1
380 673 1
380 730 1
381 473 1
381 479 1
381 597 1
381 620 1
381 756 1
381 452 1
381 747 1
381 767 1
382 401 1
382 533 1
382 422 1
383 551 1
384 459 1
384 662 1
384 703 1
384 718 1
384 742 1
384 727 1
385 568 1
385 686 1
385 709 1
385 490 1
387 549 1
388 723 1
388 389 1
389 432 1
389 660 1
389 732 1
390 727 1
390 740 1
390 782 1
390 639 1
390 646 1
391 650 1
392 406 1
392 618 1
392 627 1
392 691 1
392 532 1
392 611 1
392 665 1
393 429 1
394 454 1
394 484 1
394 513 1
396 418 1
396 485 1
396 648 1
396 692 1
397 423 1
397 624 1
397 760 1
398 684 1
398 407 1
398 737 1
399 772 1
399 794 1
400 478 1
400 743 1
401 680 1
403 615 1
403 654 1
403 405 1
403 428 1
404 566 1
404 719 1
405 659 1
405 714 1
405 428 1
405 592 1
406 618 1
406 627 1
407 408 1
408 575 1
408 597 1
409 683 1
410 468 1
410 628 1
410 670 1
410 655 1
411 775 1
411 706 1
411 748 1
412 651 1
415 566 1
415 719 1
415 425 1
415 469 1
415 584 1
415 731 1
416 474 1
416 737 1
417 512 1
417 782 1
418 788 1
419 427 1
419 489 1
419 531 1
420 430 1
420 595 1
420 693 1
420 700 1
420 756 1
421 490 1
421 589 1
422 619 1
422 741 1
422 758 1
422 478 1
422 602 1
422 666 1
422 726 1
423 624 1
423 760 1
423 479 1
424 455 1
425 795 1
425 521 1
425 469 1
425 731 1
426 654 1
427 445 1
427 457 1
427 489 1
427 494 1
427 514 1
429 584 1
430 540 1
430 778 1
431 682 1
431 440 1
431 614 1
432 660 1
432 661 1
433 625 1
433 483 1
433 501 1
434 637 1
434 667 1
434 679 1
434 748 1
434 492 1
435 641 1
435 691 1
436 711 1
436 746 1
436 454 1
436 505 1
436 716 1
437 524 1
438 710 1
439 466 1
440 614 1
441 696 1
441 605 1
441 637 1
442 448 1
442 715 1
442 491 1
442 656 1
443 688 1
444 638 1
444 671 1
445 457 1
445 494 1
445 514 1
445 587 1
445 591 1
445 785 1
446 759 1
447 631 1
447 708 1
448 498 1
448 525 1
448 593 1
449 745 1
449 481 1
450 463 1
450 632 1
450 712 1
452 559 1
452 473 1
452 747 1
452 767 1
453 599 1
454 455 1
454 513 1
454 522 1
454 716 1
456 525 1
458 623 1
458 649 1
458 702 1
458 789 1
459 662 1
459 742 1
460 712 1
460 652 1
461 765 1
462 564 1
463 632 1
463 636 1
464 771 1
464 526 1
465 527 1
465 590 1
467 534 1
467 705 1
467 586 1
468 628 1
468 728 1
468 769 1
469 700 1
470 515 1
470 562 1
472 798 1
472 596 1
472 713 1
473 493 1
473 502 1
474 651 1
474 570 1
474 577 1
475 526 1
475 640 1
475 629 1
476 764 1
476 676 1
477 488 1
477 648 1
478 743 1
478 541 1
478 602 1
478 666 1
478 726 1
478 783 1
479 597 1
479 620 1
479 704 1
479 756 1
480 755 1
481 569 1
481 546 1
484 573 1
485 648 1
486 733 1
488 567 1
488 655 1
488 648 1
489 761 1
491 498 1
491 556 1
491 563 1
491 751 1
491 656 1
492 536 1
493 502 1
494 555 1
494 514 1
494 587 1
495 610 1
496 646 1
497 511 1
497 593 1
497 554 1
497 638 1
497 762 1
498 751 1
498 525 1
498 675 1
499 510 1
502 603 1
503 725 1
504 644 1
504 621 1
505 538 1
505 695 1
506 554 1
506 565 1
507 598 1
508 540 1
508 585 1
508 718 1
509 745 1
511 627 1
511 707 1
512 666 1
512 672 1
512 796 1
512 782 1
513 522 1
514 547 1
514 621 1
514 753 1
514 587 1
514 591 1
515 763 1
515 562 1
515 640 1
516 539 1
518 574 1
518 587 1
518 680 1
520 557 1
520 583 1
521 795 1
522 770 1
523 650 1
523 630 1
524 636 1
526 640 1
526 694 1
527 619 1
528 630 1
528 800 1
528 565 1
529 576 1
530 714 1
532 773 1
532 792 1
532 611 1
532 665 1
532 704 1
535 677 1
535 682 1
536 537 1
537 588 1
538 581 1
538 695 1
538 721 1
538 764 1
540 585 1
540 778 1
542 572 1
542 681 1
543 556 1
543 590 1
543 760 1
543 771 1
544 744 1
547 753 1
547 600 1
547 641 1
549 603 1
549 740 1
551 598 1
551 633 1
551 703 1
553 702 1
553 721 1
553 781 1
554 638 1
556 563 1
556 760 1
556 773 1
557 583 1
557 688 1
557 574 1
557 776 1
558 757 1
559 567 1
559 608 1
560 591 1
560 595 1
561 600 1
561 616 1
562 640 1
563 766 1
566 719 1
566 664 1
567 608 1
568 709 1
569 705 1
570 577 1
571 612 1
571 799 1
571 599 1
572 642 1
572 787 1
574 587 1
577 728 1
580 626 1
580 720 1
580 734 1
582 693 1
582 726 1
586 706 1
587 591 1
587 785 1
589 699 1
591 750 1
591 785 1
593 800 1
594 621 1
596 798 1
596 741 1
598 639 1
599 645 1
599 708 1
600 797 1
600 641 1
602 784 1
602 666 1
603 678 1
604 626 1
604 724 1
605 731 1
605 637 1
606 790 1
606 787 1
608 664 1
608 736 1
608 744 1
609 632 1
610 720 1
611 704 1
613 623 1
619 741 1
620 704 1
620 756 1
621 677 1
622 707 1
625 694 1
626 720 1
626 734 1
627 691 1
627 707 1
633 799 1
636 772 1
637 716 1
638 762 1
639 646 1
641 797 1
642 717 1
642 787 1
643 770 1
645 708 1
647 685 1
647 660 1
649 674 1
649 777 1
654 786 1
657 739 1
657 679 1
659 714 1
659 775 1
660 732 1
661 767 1
662 742 1
663 767 1
664 736 1
664 744 1
666 672 1
666 676 1
667 679 1
668 681 1
668 695 1
668 781 1
670 742 1
673 730 1
674 777 1
677 682 1
681 695 1
682 690 1
685 753 1
692 796 1
693 726 1
693 700 1
693 756 1
695 721 1
695 764 1
698 776 1
701 792 1
702 721 1
707 769 1
709 795 1
711 746 1
713 735 1
715 755 1
719 723 1
720 734 1
721 781 1
721 764 1
726 783 1
727 782 1
728 769 1
730 749 1
736 744 1
741 758 1
747 767 1
750 797 1
758 784 1
760 771 1
762 765 1
773 792 1